#============================================================
# Created with Tensionmeter 1.0 on 24.04.2024, 9:14:28.
#============================================================
 0.000000E+0000  0.000000E+0000
 4.870000E-0001  0.000000E+0000
 9.720000E-0001  0.000000E+0000
 1.440000E+0000  0.000000E+0000
 1.924000E+0000  0.000000E+0000
 2.410000E+0000  0.000000E+0000
 2.878000E+0000  0.000000E+0000
 3.371000E+0000  0.000000E+0000
 3.844000E+0000  0.000000E+0000
 4.329000E+0000  0.000000E+0000
 4.798000E+0000  0.000000E+0000
 5.283000E+0000  0.000000E+0000
 5.766000E+0000  0.000000E+0000
 6.252000E+0000  0.000000E+0000
 6.720000E+0000  0.000000E+0000
 7.204000E+0000  0.000000E+0000
 7.689000E+0000  0.000000E+0000
 8.173000E+0000  0.000000E+0000
 8.644000E+0000  0.000000E+0000
 9.116000E+0000  3.139200E-0001
 9.241000E+0000  3.963240E+0000
 9.367000E+0000  5.679990E+0000
 9.476000E+0000  7.053390E+0000
 9.600000E+0000  7.161300E+0000
 9.725000E+0000  6.827760E+0000
 9.850000E+0000  6.347070E+0000
 9.960000E+0000  5.866380E+0000
 1.008500E+0001  5.346450E+0000
 1.021100E+0001  4.806900E+0000
 1.032000E+0001  4.228110E+0000
 1.044400E+0001  3.639510E+0000
 1.056900E+0001  3.001860E+0000
 1.067900E+0001  2.432880E+0000
 1.080400E+0001  1.912950E+0000
 1.092900E+0001  1.432260E+0000
 1.103900E+0001  9.221400E-0001
 1.116400E+0001  3.335400E-0001
 1.128900E+0001 -2.256300E-0001
 1.139800E+0001 -8.044200E-0001
 1.152300E+0001 -1.393020E+0000
 1.164800E+0001 -2.069910E+0000
 1.175800E+0001 -2.903760E+0000
 1.188300E+0001 -3.865140E+0000
 1.200500E+0001 -4.797090E+0000
 1.213000E+0001 -5.630940E+0000
 1.224100E+0001 -6.396120E+0000
 1.236600E+0001 -7.043580E+0000
 1.249100E+0001 -7.681230E+0000
 1.260600E+0001 -8.426790E+0000
 1.273100E+0001 -9.270450E+0000
 1.284100E+0001 -1.001601E+0001
 1.296400E+0001 -1.066347E+0001
 1.308500E+0001 -1.120302E+0001
 1.321000E+0001 -1.175238E+0001
 1.331800E+0001 -1.240965E+0001
 1.344300E+0001 -1.325331E+0001
 1.356800E+0001 -1.410678E+0001
 1.369300E+0001 -1.474443E+0001
 1.380300E+0001 -1.517607E+0001
 1.392800E+0001 -1.529379E+0001
 1.405300E+0001 -1.521531E+0001
 1.428700E+0001 -1.515645E+0001
 1.452200E+0001 -1.503873E+0001
 1.464700E+0001 -1.461690E+0001
 1.477200E+0001 -1.438146E+0001
 1.488000E+0001 -1.414602E+0001
 1.501100E+0001 -1.398906E+0001
 1.512000E+0001 -1.385172E+0001
 1.524500E+0001 -1.377324E+0001
 1.548000E+0001 -1.375362E+0001
 1.573000E+0001 -1.375362E+0001
 1.596400E+0001 -1.373400E+0001
 1.621300E+0001 -1.373400E+0001
 1.644900E+0001 -1.373400E+0001
 1.693200E+0001 -1.373400E+0001
 1.741600E+0001 -1.373400E+0001
 1.788600E+0001 -1.373400E+0001
 1.837000E+0001 -1.371438E+0001
 1.885500E+0001 -1.371438E+0001
 1.933800E+0001 -1.371438E+0001
 1.980700E+0001 -1.371438E+0001
 2.029300E+0001 -1.371438E+0001
 2.077900E+0001 -1.371438E+0001
 2.124700E+0001 -1.371438E+0001
 2.173100E+0001 -1.371438E+0001
 2.221600E+0001 -1.371438E+0001
 2.245100E+0001 -1.369476E+0001
 2.269400E+0001 -1.359666E+0001
 2.292800E+0001 -1.323369E+0001
 2.305300E+0001 -1.097739E+0001
 2.317800E+0001 -9.299880E+0000
 2.328800E+0001 -7.406550E+0000
 2.341300E+0001 -5.984100E+0000
 2.353800E+0001 -4.669560E+0000
 2.364600E+0001 -3.404070E+0000
 2.377100E+0001 -2.226870E+0000
 2.389700E+0001 -1.157580E+0000
 2.400700E+0001 -1.863900E-0001
 2.413200E+0001  6.768900E-0001
 2.425700E+0001  1.432260E+0000
 2.436500E+0001  2.109150E+0000
 2.449000E+0001  2.717370E+0000
 2.461500E+0001  3.256920E+0000
 2.472600E+0001  3.776850E+0000
 2.485100E+0001  4.306590E+0000
 2.497300E+0001  4.836330E+0000
 2.508300E+0001  5.405310E+0000
 2.520800E+0001  5.964480E+0000
 2.533400E+0001  6.572700E+0000
 2.545900E+0001  7.151490E+0000
 2.556700E+0001  7.700850E+0000
 2.569200E+0001  8.220780E+0000
 2.581700E+0001  8.770140E+0000
 2.592700E+0001  9.319500E+0000
 2.605200E+0001  9.888480E+0000
 2.617800E+0001  1.041822E+0001
 2.628700E+0001  1.096758E+0001
 2.641100E+0001  1.148751E+0001
 2.653600E+0001  1.193877E+0001
 2.664600E+0001  1.225269E+0001
 2.677100E+0001  1.236060E+0001
 2.689600E+0001  1.215459E+0001
 2.700600E+0001  1.136979E+0001
 2.713100E+0001  9.231210E+0000
 2.725600E+0001  6.553080E+0000
 2.736400E+0001  3.914190E+0000
 2.748900E+0001  2.099340E+0000
 2.760000E+0001  1.118340E+0000
 2.772500E+0001  6.768900E-0001
 2.784800E+0001  5.003100E-0001
 2.797300E+0001  4.414500E-0001
 2.820800E+0001  4.218300E-0001
 2.844300E+0001  4.218300E-0001
 2.869200E+0001  4.120200E-0001
 2.892700E+0001  4.120200E-0001
 2.941200E+0001  4.120200E-0001
 2.989600E+0001  4.120200E-0001
 3.036400E+0001  4.120200E-0001
 3.084900E+0001  4.120200E-0001
 3.133300E+0001  4.022100E-0001
 3.181800E+0001  4.022100E-0001
 3.228700E+0001  3.924000E-0001
 3.277000E+0001  3.727800E-0001
 3.325400E+0001  3.727800E-0001
 3.372400E+0001  3.727800E-0001
 3.420700E+0001  3.629700E-0001
 3.469300E+0001  3.629700E-0001
 3.517700E+0001  3.629700E-0001
 3.564500E+0001  3.531600E-0001
 3.613000E+0001  3.531600E-0001
 3.661400E+0001  3.531600E-0001
 3.708400E+0001  3.433500E-0001
 3.756800E+0001  3.433500E-0001
 3.805300E+0001  3.433500E-0001
 3.853700E+0001  3.433500E-0001
 3.900500E+0001  3.433500E-0001
 3.948900E+0001  3.335400E-0001
 3.997400E+0001  3.335400E-0001
 4.044500E+0001  3.335400E-0001
 4.092900E+0001  3.237300E-0001
 4.141400E+0001  3.237300E-0001
 4.189800E+0001  3.237300E-0001
 4.236600E+0001  4.708800E-0001
 4.249100E+0001  3.413880E+0000
 4.261600E+0001  5.483790E+0000
 4.272600E+0001  7.180920E+0000
 4.285100E+0001  7.651800E+0000
 4.296000E+0001  7.445790E+0000
 4.308500E+0001  6.808140E+0000
 4.321000E+0001  5.993910E+0000
 4.333500E+0001  5.101200E+0000
 4.344500E+0001  4.188870E+0000
 4.357000E+0001  3.374640E+0000
 4.369500E+0001  2.678130E+0000
 4.380300E+0001  2.011050E+0000
 4.392800E+0001  1.373400E+0000
 4.403900E+0001  6.572700E-0001
 4.416400E+0001 -2.256300E-0001
 4.428900E+0001 -1.353780E+0000
 4.441400E+0001 -2.648700E+0000
 4.453900E+0001 -4.012290E+0000
 4.464700E+0001 -5.581890E+0000
 4.477300E+0001 -7.220160E+0000
 4.488300E+0001 -8.740710E+0000
 4.500800E+0001 -1.013373E+0001
 4.513300E+0001 -1.147770E+0001
 4.525800E+0001 -1.248813E+0001
 4.536800E+0001 -1.321407E+0001
 4.549100E+0001 -1.361628E+0001
 4.561700E+0001 -1.371438E+0001
 4.572600E+0001 -1.371438E+0001
 4.597700E+0001 -1.369476E+0001
 4.621000E+0001 -1.367514E+0001
 4.646000E+0001 -1.369476E+0001
 4.669600E+0001 -1.369476E+0001
 4.717900E+0001 -1.369476E+0001
 4.741400E+0001 -1.371438E+0001
 4.764900E+0001 -1.373400E+0001
 4.789800E+0001 -1.375362E+0001
 4.813300E+0001 -1.377324E+0001
 4.836800E+0001 -1.377324E+0001
 4.860800E+0001 -1.377324E+0001
 4.909800E+0001 -1.377324E+0001
 4.958400E+0001 -1.377324E+0001
 5.005200E+0001 -1.377324E+0001
 5.053600E+0001 -1.377324E+0001
 5.102100E+0001 -1.377324E+0001
 5.150400E+0001 -1.377324E+0001
 5.197500E+0001 -1.377324E+0001
 5.246600E+0001 -1.375362E+0001
 5.270100E+0001 -1.373400E+0001
 5.293400E+0001 -1.365552E+0001
 5.318500E+0001 -1.339065E+0001
 5.329400E+0001 -1.135998E+0001
 5.341800E+0001 -9.760950E+0000
 5.354300E+0001 -7.691040E+0000
 5.365900E+0001 -5.768280E+0000
 5.378300E+0001 -4.031910E+0000
 5.389300E+0001 -2.629080E+0000
 5.401800E+0001 -1.599030E+0000
 5.412800E+0001 -8.044200E-0001
 5.425300E+0001 -1.079100E-0001
 5.437800E+0001  4.905000E-0001
 5.450300E+0001  1.020240E+0000
 5.461100E+0001  1.451880E+0000
 5.473600E+0001  1.824660E+0000
 5.486100E+0001  2.197440E+0000
 5.497200E+0001  2.609460E+0000
 5.509700E+0001  3.001860E+0000
 5.522200E+0001  3.423690E+0000
 5.533000E+0001  3.835710E+0000
 5.545600E+0001  4.198680E+0000
 5.558100E+0001  4.620510E+0000
 5.569100E+0001  5.101200E+0000
 5.581600E+0001  5.542650E+0000
 5.594100E+0001  5.974290E+0000
 5.604900E+0001  6.454980E+0000
 5.617400E+0001  6.965100E+0000
 5.629900E+0001  7.504650E+0000
 5.640900E+0001  8.014770E+0000
 5.653400E+0001  8.515080E+0000
 5.665900E+0001  9.025200E+0000
 5.678400E+0001  9.505890E+0000
 5.689300E+0001  1.002582E+0001
 5.701800E+0001  1.059480E+0001
 5.714300E+0001  1.113435E+0001
 5.725300E+0001  1.166409E+0001
 5.737800E+0001  1.207611E+0001
 5.750300E+0001  1.230174E+0001
 5.761300E+0001  1.228212E+0001
 5.786200E+0001  1.205649E+0001
 5.797200E+0001  8.946720E+0000
 5.809800E+0001  6.219540E+0000
 5.822300E+0001  3.433500E+0000
 5.833300E+0001  1.854090E+0000
 5.845800E+0001  1.000620E+0000
 5.856600E+0001  6.572700E-0001
 5.869100E+0001  5.199300E-0001
 5.881600E+0001  4.806900E-0001
 5.905100E+0001  4.708800E-0001
 5.928600E+0001  4.708800E-0001
 5.953500E+0001  4.610700E-0001
 5.977000E+0001  4.610700E-0001
 6.025500E+0001  4.414500E-0001
 6.073900E+0001  4.414500E-0001
 6.122300E+0001  4.414500E-0001
 6.169100E+0001  4.316400E-0001
 6.217600E+0001  4.316400E-0001
 6.266000E+0001  4.218300E-0001
 6.313000E+0001  4.218300E-0001
 6.361800E+0001  4.218300E-0001
 6.410300E+0001  4.218300E-0001
 6.457100E+0001  4.120200E-0001
 6.505700E+0001  4.120200E-0001
 6.554100E+0001  4.120200E-0001
 6.601100E+0001  4.120200E-0001
 6.649500E+0001  1.108530E+0000
 6.662000E+0001  5.532840E+0000
 6.672800E+0001  6.759090E+0000
 6.685300E+0001  7.779330E+0000
 6.697800E+0001  7.318260E+0000
 6.708800E+0001  6.621750E+0000
 6.721300E+0001  5.729040E+0000
 6.733900E+0001  4.777470E+0000
 6.744800E+0001  3.845520E+0000
 6.757200E+0001  2.943000E+0000
 6.769700E+0001  1.991430E+0000
 6.782200E+0001  8.534700E-0001
 6.793200E+0001 -6.965100E-0001
 6.805700E+0001 -2.786040E+0000
 6.818300E+0001 -5.061960E+0000
 6.829200E+0001 -7.416360E+0000
 6.841600E+0001 -9.692280E+0000
 6.853400E+0001 -1.155618E+0001
 6.865900E+0001 -1.278243E+0001
 6.876900E+0001 -1.333179E+0001
 6.889400E+0001 -1.355742E+0001
 6.901900E+0001 -1.363590E+0001
 6.925400E+0001 -1.367514E+0001
 6.950300E+0001 -1.369476E+0001
 6.973800E+0001 -1.371438E+0001
 6.997700E+0001 -1.373400E+0001
 7.022500E+0001 -1.377324E+0001
 7.046000E+0001 -1.379286E+0001
 7.069500E+0001 -1.381248E+0001
 7.094400E+0001 -1.381248E+0001
 7.117900E+0001 -1.381248E+0001
 7.141400E+0001 -1.381248E+0001
 7.189700E+0001 -1.381248E+0001
 7.238300E+0001 -1.381248E+0001
 7.286600E+0001 -1.381248E+0001
 7.333500E+0001 -1.381248E+0001
 7.382100E+0001 -1.381248E+0001
 7.430700E+0001 -1.381248E+0001
 7.477500E+0001 -1.381248E+0001
 7.525900E+0001 -1.381248E+0001
 7.574400E+0001 -1.381248E+0001
 7.622700E+0001 -1.381248E+0001
 7.669600E+0001 -1.381248E+0001
 7.694600E+0001 -1.377324E+0001
 7.718100E+0001 -1.373400E+0001
 7.743100E+0001 -1.363590E+0001
 7.754000E+0001 -1.264509E+0001
 7.766500E+0001 -1.161504E+0001
 7.779000E+0001 -1.023183E+0001
 7.790000E+0001 -8.878050E+0000
 7.802500E+0001 -7.465410E+0000
 7.815000E+0001 -5.895810E+0000
 7.826000E+0001 -4.159440E+0000
 7.838400E+0001 -2.442690E+0000
 7.850900E+0001 -8.927100E-0001
 7.861900E+0001  3.139200E-0001
 7.874400E+0001  1.275300E+0000
 7.886900E+0001  2.030670E+0000
 7.897900E+0001  2.697750E+0000
 7.910400E+0001  3.335400E+0000
 7.921200E+0001  3.943620E+0000
 7.933700E+0001  4.492980E+0000
 7.946200E+0001  5.022720E+0000
 7.957200E+0001  5.513220E+0000
 7.969700E+0001  6.062580E+0000
 7.982100E+0001  6.680610E+0000
 7.994600E+0001  7.269210E+0000
 8.005600E+0001  7.897050E+0000
 8.018100E+0001  8.505270E+0000
 8.030700E+0001  9.123300E+0000
 8.041700E+0001  9.682470E+0000
 8.054200E+0001  1.022202E+0001
 8.066700E+0001  1.071252E+0001
 8.077700E+0001  1.115397E+0001
 8.090200E+0001  1.156599E+0001
 8.102600E+0001  1.195839E+0001
 8.113600E+0001  1.225269E+0001
 8.126100E+0001  1.241946E+0001
 8.138600E+0001  1.243908E+0001
 8.162100E+0001  1.239984E+0001
 8.185400E+0001  1.213497E+0001
 8.197900E+0001  9.211590E+0000
 8.210400E+0001  6.572700E+0000
 8.221500E+0001  3.737610E+0000
 8.233900E+0001  2.040480E+0000
 8.246300E+0001  1.108530E+0000
 8.257300E+0001  6.867000E-0001
 8.269800E+0001  5.395500E-0001
 8.282300E+0001  4.905000E-0001
 8.305800E+0001  4.708800E-0001
 8.329200E+0001  4.610700E-0001
 8.354200E+0001  4.610700E-0001
 8.377700E+0001  4.414500E-0001
 8.426000E+0001  4.414500E-0001
 8.474700E+0001  4.316400E-0001
 8.523000E+0001  4.316400E-0001
 8.570000E+0001  4.218300E-0001
 8.618400E+0001  4.218300E-0001
 8.666700E+0001  4.218300E-0001
 8.713700E+0001  4.218300E-0001
 8.762100E+0001  4.120200E-0001
 8.809900E+0001  4.120200E-0001
 8.858300E+0001  4.120200E-0001
 8.906800E+0001  4.120200E-0001
 8.953700E+0001  4.120200E-0001
 9.002000E+0001  4.022100E-0001
 9.050600E+0001  4.022100E-0001
 9.097400E+0001  8.142300E-0001
 9.110000E+0001  4.718610E+0000
 9.122500E+0001  5.562270E+0000
 9.133500E+0001  5.984100E+0000
 9.146000E+0001  5.071770E+0000
 9.158500E+0001  4.051530E+0000
 9.171000E+0001  3.041100E+0000
 9.181800E+0001  1.991430E+0000
 9.194300E+0001  8.927100E-0001
 9.205400E+0001 -2.354400E-0001
 9.217900E+0001 -1.589220E+0000
 9.230400E+0001 -3.198060E+0000
 9.242900E+0001 -4.895190E+0000
 9.253700E+0001 -6.660990E+0000
 9.266200E+0001 -8.505270E+0000
 9.278700E+0001 -1.032993E+0001
 9.289700E+0001 -1.175238E+0001
 9.302200E+0001 -1.272357E+0001
 9.314600E+0001 -1.329255E+0001
 9.327100E+0001 -1.355742E+0001
 9.338100E+0001 -1.363590E+0001
 9.363100E+0001 -1.367514E+0001
 9.386600E+0001 -1.369476E+0001
 9.409900E+0001 -1.371438E+0001
 9.435000E+0001 -1.373400E+0001
 9.458500E+0001 -1.377324E+0001
 9.481800E+0001 -1.381248E+0001
 9.506800E+0001 -1.383210E+0001
 9.530300E+0001 -1.383210E+0001
 9.555200E+0001 -1.385172E+0001
 9.578700E+0001 -1.385172E+0001
 9.602200E+0001 -1.385172E+0001
 9.650500E+0001 -1.385172E+0001
 9.699100E+0001 -1.385172E+0001
 9.747000E+0001 -1.385172E+0001
 9.795400E+0001 -1.385172E+0001
 9.842400E+0001 -1.381248E+0001
 9.867200E+0001 -1.367514E+0001
 9.878300E+0001 -1.214478E+0001
 9.890800E+0001 -1.048689E+0001
 9.902500E+0001 -8.269830E+0000
 9.915000E+0001 -6.062580E+0000
 9.925800E+0001 -3.953430E+0000
 9.938300E+0001 -2.020860E+0000
 9.950900E+0001 -3.629700E-0001
 9.961900E+0001  9.908100E-0001
 9.974400E+0001  2.187630E+0000
 9.986900E+0001  3.315780E+0000
 9.999400E+0001  4.453740E+0000
 1.001020E+0002  5.581890E+0000
 1.002270E+0002  6.680610E+0000
 1.003500E+0002  7.710660E+0000
 1.004750E+0002  8.662230E+0000
 1.005850E+0002  9.584370E+0000
 1.007100E+0002  1.053594E+0001
 1.008200E+0002  1.142865E+0001
 1.009420E+0002  1.203687E+0001
 1.010670E+0002  1.205649E+0001
 1.013030E+0002  1.146789E+0001
 1.014280E+0002  6.553080E+0000
 1.015530E+0002  3.874950E+0000
 1.016610E+0002  1.599030E+0000
 1.017860E+0002  9.319500E-0001
 1.018960E+0002  6.572700E-0001
 1.020210E+0002  5.493600E-0001
 1.021460E+0002  5.101200E-0001
 1.023800E+0002  5.003100E-0001
 1.026310E+0002  4.905000E-0001
 1.028660E+0002  4.905000E-0001
 1.030990E+0002  4.905000E-0001
 1.035870E+0002  4.905000E-0001
 1.040710E+0002  4.905000E-0001
 1.045390E+0002  4.905000E-0001
 1.050240E+0002  4.905000E-0001
 1.055080E+0002  4.806900E-0001
 1.059790E+0002  4.806900E-0001
 1.064630E+0002  5.199300E-0001
 1.065880E+0002  2.766420E+0000
 1.066980E+0002  4.542030E+0000
 1.068230E+0002  5.473980E+0000
 1.069480E+0002  5.150250E+0000
 1.070730E+0002  4.100580E+0000
 1.071820E+0002  2.678130E+0000
 1.073070E+0002  9.025200E-0001
 1.074320E+0002 -1.393020E+0000
 1.075420E+0002 -4.306590E+0000
 1.076670E+0002 -7.279020E+0000
 1.077920E+0002 -9.839430E+0000
 1.079000E+0002 -1.175238E+0001
 1.080280E+0002 -1.284129E+0001
 1.081510E+0002 -1.337103E+0001
 1.082600E+0002 -1.357704E+0001
 1.083860E+0002 -1.367514E+0001
 1.085110E+0002 -1.373400E+0001
 1.087440E+0002 -1.377324E+0001
 1.089940E+0002 -1.379286E+0001
 1.092300E+0002 -1.379286E+0001
 1.094630E+0002 -1.381248E+0001
 1.097130E+0002 -1.396944E+0001
 1.098230E+0002 -1.566657E+0001
 1.099480E+0002 -1.663776E+0001
 1.100730E+0002 -1.751085E+0001
 1.101980E+0002 -1.790325E+0001
 1.103080E+0002 -1.811907E+0001
 1.104310E+0002 -1.811907E+0001
 1.106670E+0002 -1.806021E+0001
 1.109170E+0002 -1.792287E+0001
 1.110250E+0002 -1.796211E+0001
 1.112750E+0002 -1.794249E+0001
 1.115110E+0002 -1.786401E+0001
 1.117440E+0002 -1.784439E+0001
 1.119970E+0002 -1.790325E+0001
 1.122330E+0002 -1.788363E+0001
 1.124660E+0002 -1.786401E+0001
 1.127160E+0002 -1.786401E+0001
 1.129510E+0002 -1.792287E+0001
 1.131860E+0002 -1.790325E+0001
 1.134350E+0002 -1.788363E+0001
 1.136700E+0002 -1.790325E+0001
 1.139200E+0002 -1.790325E+0001
 1.143890E+0002 -1.786401E+0001
 1.146390E+0002 -1.770705E+0001
 1.147500E+0002 -1.725579E+0001
 1.148740E+0002 -1.715769E+0001
 1.149990E+0002 -1.701054E+0001
 1.151080E+0002 -1.699092E+0001
 1.153580E+0002 -1.701054E+0001
 1.155930E+0002 -1.714788E+0001
 1.157180E+0002 -1.792287E+0001
 1.158270E+0002 -1.825641E+0001
 1.159520E+0002 -1.846242E+0001
 1.160770E+0002 -1.835451E+0001
 1.163120E+0002 -1.831527E+0001
 1.165620E+0002 -1.831527E+0001
 1.167950E+0002 -1.829565E+0001
 1.170310E+0002 -1.827603E+0001
 1.172670E+0002 -1.819755E+0001
 1.175170E+0002 -1.760895E+0001
 1.176420E+0002 -1.543113E+0001
 1.177520E+0002 -1.455804E+0001
 1.178780E+0002 -1.375362E+0001
 1.180030E+0002 -1.365552E+0001
 1.182360E+0002 -1.351818E+0001
 1.183610E+0002 -1.171314E+0001
 1.184710E+0002 -9.770760E+0000
 1.185960E+0002 -7.239780E+0000
 1.187210E+0002 -4.875570E+0000
 1.188300E+0002 -2.776230E+0000
 1.189550E+0002 -1.049670E+0000
 1.190650E+0002  3.531600E-0001
 1.191900E+0002  1.628460E+0000
 1.193150E+0002  2.795850E+0000
 1.194400E+0002  3.924000E+0000
 1.195480E+0002  4.905000E+0000
 1.196730E+0002  5.836950E+0000
 1.197840E+0002  6.719850E+0000
 1.199090E+0002  7.543890E+0000
 1.200340E+0002  8.397360E+0000
 1.201590E+0002  9.299880E+0000
 1.202670E+0002  1.010430E+0001
 1.203920E+0002  1.071252E+0001
 1.205170E+0002  1.119321E+0001
 1.206420E+0002  1.160523E+0001
 1.207520E+0002  1.203687E+0001
 1.208780E+0002  1.223307E+0001
 1.210030E+0002  1.195839E+0001
 1.211110E+0002  1.028088E+0001
 1.212360E+0002  7.563510E+0000
 1.213610E+0002  4.718610E+0000
 1.214710E+0002  2.580030E+0000
 1.215960E+0002  1.363590E+0000
 1.217060E+0002  7.946100E-0001
 1.218310E+0002  5.689800E-0001
 1.219550E+0002  4.905000E-0001
 1.221980E+0002  4.708800E-0001
 1.224330E+0002  4.708800E-0001
 1.226680E+0002  4.610700E-0001
 1.229180E+0002  4.610700E-0001
 1.231540E+0002  4.610700E-0001
 1.236380E+0002  4.414500E-0001
 1.241230E+0002  4.414500E-0001
 1.245920E+0002  4.414500E-0001
 1.250750E+0002  4.414500E-0001
 1.255590E+0002  4.316400E-0001
 1.260290E+0002  4.316400E-0001
 1.265160E+0002  5.101200E-0001
 1.266410E+0002  3.345210E+0000
 1.267520E+0002  5.326830E+0000
 1.268760E+0002  6.533460E+0000
 1.270010E+0002  6.474600E+0000
 1.272310E+0002  6.180300E+0000
 1.273560E+0002  4.414500E+0000
 1.274670E+0002  3.090150E+0000
 1.275920E+0002  1.324350E+0000
 1.277170E+0002 -6.082200E-0001
 1.278420E+0002 -2.962620E+0000
 1.279500E+0002 -5.444550E+0000
 1.280780E+0002 -7.897050E+0000
 1.282030E+0002 -1.021221E+0001
 1.283110E+0002 -1.194858E+0001
 1.284360E+0002 -1.293939E+0001
 1.285500E+0002 -1.341027E+0001
 1.286750E+0002 -1.361628E+0001
 1.288000E+0002 -1.369476E+0001
 1.290340E+0002 -1.375362E+0001
 1.292690E+0002 -1.470519E+0001
 1.293940E+0002 -2.219022E+0001
 1.295190E+0002 -2.564334E+0001
 1.296440E+0002 -2.857653E+0001
 1.297550E+0002 -2.910627E+0001
 1.298800E+0002 -2.922399E+0001
 1.300050E+0002 -2.925342E+0001
 1.302380E+0002 -2.929266E+0001
 1.304810E+0002 -2.937114E+0001
 1.307140E+0002 -2.942019E+0001
 1.309640E+0002 -2.949867E+0001
 1.311990E+0002 -2.957715E+0001
 1.314460E+0002 -2.964582E+0001
 1.316810E+0002 -2.965563E+0001
 1.319140E+0002 -2.964582E+0001
 1.321650E+0002 -2.965563E+0001
 1.323980E+0002 -2.965563E+0001
 1.328840E+0002 -2.964582E+0001
 1.331170E+0002 -2.964582E+0001
 1.333670E+0002 -2.965563E+0001
 1.336010E+0002 -2.965563E+0001
 1.338500E+0002 -2.965563E+0001
 1.343180E+0002 -2.965563E+0001
 1.348110E+0002 -2.965563E+0001
 1.352800E+0002 -2.965563E+0001
 1.357650E+0002 -2.965563E+0001
 1.362410E+0002 -2.965563E+0001
 1.367260E+0002 -2.965563E+0001
 1.372100E+0002 -2.964582E+0001
 1.376930E+0002 -2.962620E+0001
 1.381630E+0002 -2.942019E+0001
 1.382870E+0002 -2.433861E+0001
 1.384120E+0002 -2.012031E+0001
 1.385370E+0002 -1.659852E+0001
 1.386470E+0002 -1.492101E+0001
 1.387720E+0002 -1.416564E+0001
 1.388970E+0002 -1.387134E+0001
 1.390120E+0002 -1.375362E+0001
 1.391370E+0002 -1.367514E+0001
 1.393730E+0002 -1.365552E+0001
 1.396060E+0002 -1.353780E+0001
 1.397310E+0002 -1.242927E+0001
 1.398560E+0002 -1.124226E+0001
 1.399660E+0002 -9.623610E+0000
 1.400910E+0002 -8.004960E+0000
 1.402160E+0002 -6.258780E+0000
 1.403260E+0002 -4.345830E+0000
 1.404500E+0002 -2.530980E+0000
 1.405750E+0002 -9.613800E-0001
 1.406850E+0002  3.531600E-0001
 1.408100E+0002  1.500930E+0000
 1.409350E+0002  2.530980E+0000
 1.410450E+0002  3.492360E+0000
 1.411680E+0002  4.443930E+0000
 1.412950E+0002  5.415120E+0000
 1.414030E+0002  6.454980E+0000
 1.415280E+0002  7.563510E+0000
 1.416540E+0002  8.662230E+0000
 1.417640E+0002  9.751140E+0000
 1.418890E+0002  1.083024E+0001
 1.420140E+0002  1.168371E+0001
 1.421390E+0002  1.197801E+0001
 1.422470E+0002  1.100682E+0001
 1.423720E+0002  8.691660E+0000
 1.424980E+0002  5.886000E+0000
 1.426080E+0002  3.384450E+0000
 1.427330E+0002  1.814850E+0000
 1.428580E+0002  1.000620E+0000
 1.429660E+0002  6.867000E-0001
 1.430910E+0002  5.689800E-0001
 1.432160E+0002  5.101200E-0001
 1.434510E+0002  4.905000E-0001
 1.436850E+0002  4.905000E-0001
 1.439350E+0002  4.905000E-0001
 1.441710E+0002  4.905000E-0001
 1.446560E+0002  4.905000E-0001
 1.451240E+0002  4.806900E-0001
 1.456150E+0002  4.806900E-0001
 1.460830E+0002  4.806900E-0001
 1.465690E+0002  4.708800E-0001
 1.470520E+0002  4.708800E-0001
 1.475360E+0002  4.708800E-0001
 1.480060E+0002  4.610700E-0001
 1.484890E+0002  4.708800E-0001
 1.489750E+0002  1.187010E+0000
 1.490830E+0002  2.226870E+0000
 1.492080E+0002  1.304730E+0000
 1.493330E+0002 -1.079100E-0001
 1.494430E+0002 -2.521170E+0000
 1.495680E+0002 -5.238540E+0000
 1.496940E+0002 -7.995150E+0000
 1.498190E+0002 -1.032993E+0001
 1.499270E+0002 -1.202706E+0001
 1.500520E+0002 -1.297863E+0001
 1.501770E+0002 -1.342989E+0001
 1.502880E+0002 -1.359666E+0001
 1.504130E+0002 -1.363590E+0001
 1.506480E+0002 -1.365552E+0001
 1.508880E+0002 -1.367514E+0001
 1.511390E+0002 -1.369476E+0001
 1.513680E+0002 -1.371438E+0001
 1.516180E+0002 -1.373400E+0001
 1.518530E+0002 -1.377324E+0001
 1.520870E+0002 -1.377324E+0001
 1.523300E+0002 -1.379286E+0001
 1.525800E+0002 -1.379286E+0001
 1.528150E+0002 -1.379286E+0001
 1.532980E+0002 -1.379286E+0001
 1.537670E+0002 -1.379286E+0001
 1.542520E+0002 -1.379286E+0001
 1.547310E+0002 -1.379286E+0001
 1.552150E+0002 -1.379286E+0001
 1.557000E+0002 -1.379286E+0001
 1.561840E+0002 -1.379286E+0001
 1.566520E+0002 -1.379286E+0001
 1.571370E+0002 -1.379286E+0001
 1.576210E+0002 -1.379286E+0001
 1.580900E+0002 -1.377324E+0001
 1.583390E+0002 -1.337103E+0001
 1.584650E+0002 -9.388170E+0000
 1.585750E+0002 -6.288210E+0000
 1.587000E+0002 -3.021480E+0000
 1.588080E+0002 -7.749900E-0001
 1.589330E+0002  1.010430E+0000
 1.590580E+0002  2.501550E+0000
 1.591830E+0002  3.835710E+0000
 1.592940E+0002  5.003100E+0000
 1.594190E+0002  6.111630E+0000
 1.595440E+0002  7.259400E+0000
 1.596520E+0002  8.416980E+0000
 1.597770E+0002  9.584370E+0000
 1.599020E+0002  1.069290E+0001
 1.600120E+0002  1.152675E+0001
 1.601370E+0002  1.178181E+0001
 1.602620E+0002  1.035936E+0001
 1.603710E+0002  7.475220E+0000
 1.604960E+0002  4.502790E+0000
 1.606210E+0002  2.364210E+0000
 1.607310E+0002  1.245870E+0000
 1.608560E+0002  7.357500E-0001
 1.609810E+0002  5.689800E-0001
 1.610910E+0002  5.003100E-0001
 1.613240E+0002  4.905000E-0001
 1.615750E+0002  4.806900E-0001
 1.618080E+0002  4.708800E-0001
 1.620460E+0002  4.610700E-0001
 1.625300E+0002  4.414500E-0001
 1.630150E+0002  4.414500E-0001
 1.634980E+0002  4.414500E-0001
 1.639840E+0002  4.414500E-0001
 1.644520E+0002  4.414500E-0001
 1.649360E+0002  4.414500E-0001
 1.654210E+0002  4.414500E-0001
 1.658900E+0002  4.905000E-0001
 1.661400E+0002  1.334160E+0000
 1.662480E+0002  4.159440E+0000
 1.663730E+0002  4.492980E+0000
 1.664980E+0002  4.424310E+0000
 1.667340E+0002  3.737610E+0000
 1.668590E+0002  8.436600E-0001
 1.669830E+0002 -1.324350E+0000
 1.670920E+0002 -3.973050E+0000
 1.672170E+0002 -6.602130E+0000
 1.673420E+0002 -9.290070E+0000
 1.674520E+0002 -1.141884E+0001
 1.675770E+0002 -1.270395E+0001
 1.677020E+0002 -1.331217E+0001
 1.678100E+0002 -1.355742E+0001
 1.679350E+0002 -1.363590E+0001
 1.681860E+0002 -1.365552E+0001
 1.684210E+0002 -1.367514E+0001
 1.686560E+0002 -1.369476E+0001
 1.689070E+0002 -1.369476E+0001
 1.691400E+0002 -1.371438E+0001
 1.696260E+0002 -1.373400E+0001
 1.698590E+0002 -1.373400E+0001
 1.700940E+0002 -1.375362E+0001
 1.703450E+0002 -1.375362E+0001
 1.705780E+0002 -1.375362E+0001
 1.710630E+0002 -1.375362E+0001
 1.715470E+0002 -1.375362E+0001
 1.720150E+0002 -1.375362E+0001
 1.725010E+0002 -1.375362E+0001
 1.729840E+0002 -1.375362E+0001
 1.734700E+0002 -1.375362E+0001
 1.739380E+0002 -1.375362E+0001
 1.744230E+0002 -1.341027E+0001
 1.745350E+0002 -7.867620E+0000
 1.746600E+0002 -4.257540E+0000
 1.747850E+0002 -6.867000E-0001
 1.748960E+0002  1.363590E+0000
 1.750210E+0002  3.011670E+0000
 1.751460E+0002  4.375260E+0000
 1.752540E+0002  5.572080E+0000
 1.753790E+0002  6.749280E+0000
 1.755040E+0002  7.955910E+0000
 1.756140E+0002  9.142920E+0000
 1.757440E+0002  1.033974E+0001
 1.758690E+0002  1.133055E+0001
 1.759790E+0002  1.168371E+0001
 1.761040E+0002  1.043784E+0001
 1.762120E+0002  7.749900E+0000
 1.763370E+0002  4.816710E+0000
 1.764620E+0002  2.619270E+0000
 1.765870E+0002  1.373400E+0000
 1.766980E+0002  8.240400E-0001
 1.768230E+0002  6.180300E-0001
 1.769310E+0002  5.395500E-0001
 1.771810E+0002  5.101200E-0001
 1.774160E+0002  5.003100E-0001
 1.776660E+0002  5.003100E-0001
 1.779000E+0002  4.905000E-0001
 1.781350E+0002  4.905000E-0001
 1.786180E+0002  4.905000E-0001
 1.791040E+0002  4.905000E-0001
 1.795870E+0002  4.806900E-0001
 1.800560E+0002  4.806900E-0001
 1.805410E+0002  4.708800E-0001
 1.810270E+0002  4.708800E-0001
 1.814960E+0002  4.610700E-0001
 1.819790E+0002  4.610700E-0001
 1.824640E+0002  4.414500E-0001
 1.829480E+0002  4.414500E-0001
 1.834160E+0002  1.177200E+0000
 1.835410E+0002  3.590460E+0000
 1.836670E+0002  3.570840E+0000
 1.839020E+0002  3.865140E+0000
 1.840270E+0002  1.314540E+0000
 1.841420E+0002 -6.474600E-0001
 1.842670E+0002 -3.119580E+0000
 1.843770E+0002 -5.238540E+0000
 1.845020E+0002 -7.239780E+0000
 1.846270E+0002 -9.309690E+0000
 1.847350E+0002 -1.122264E+0001
 1.848600E+0002 -1.250775E+0001
 1.849850E+0002 -1.317483E+0001
 1.850960E+0002 -1.347894E+0001
 1.852210E+0002 -1.357704E+0001
 1.854720E+0002 -1.359666E+0001
 1.857040E+0002 -1.361628E+0001
 1.859400E+0002 -1.361628E+0001
 1.861760E+0002 -1.361628E+0001
 1.864260E+0002 -1.361628E+0001
 1.869100E+0002 -1.363590E+0001
 1.873780E+0002 -1.363590E+0001
 1.878680E+0002 -1.363590E+0001
 1.883530E+0002 -1.363590E+0001
 1.888220E+0002 -1.325331E+0001
 1.889470E+0002 -7.916670E+0000
 1.890600E+0002 -4.640130E+0000
 1.891890E+0002 -1.245870E+0000
 1.892980E+0002  6.278400E-0001
 1.894230E+0002  2.060100E+0000
 1.895480E+0002  3.355020E+0000
 1.896580E+0002  4.591080E+0000
 1.897830E+0002  5.836950E+0000
 1.899080E+0002  7.102440E+0000
 1.900330E+0002  8.289450E+0000
 1.901420E+0002  9.378360E+0000
 1.902670E+0002  1.039860E+0001
 1.903770E+0002  1.127169E+0001
 1.905020E+0002  1.193877E+0001
 1.906270E+0002  1.215459E+0001
 1.907520E+0002  1.125207E+0001
 1.908620E+0002  8.936910E+0000
 1.909870E+0002  6.052770E+0000
 1.911110E+0002  3.482550E+0000
 1.912200E+0002  1.863900E+0000
 1.913460E+0002  1.020240E+0000
 1.914550E+0002  6.867000E-0001
 1.915790E+0002  5.689800E-0001
 1.917070E+0002  5.101200E-0001
 1.919400E+0002  5.003100E-0001
 1.921750E+0002  5.003100E-0001
 1.924280E+0002  5.003100E-0001
 1.926610E+0002  5.003100E-0001
 1.931450E+0002  4.905000E-0001
 1.936300E+0002  4.905000E-0001
 1.940990E+0002  4.905000E-0001
 1.945810E+0002  4.905000E-0001
 1.950640E+0002  4.806900E-0001
 1.955490E+0002  4.806900E-0001
 1.960180E+0002  4.708800E-0001
 1.965050E+0002  4.708800E-0001
 1.969730E+0002  6.768900E-0001
 1.970980E+0002  4.345830E+0000
 1.972230E+0002  6.180300E+0000
 1.973480E+0002  7.416360E+0000
 1.974630E+0002  7.298640E+0000
 1.975880E+0002  6.690420E+0000
 1.976980E+0002  5.846760E+0000
 1.978230E+0002  4.836330E+0000
 1.979480E+0002  3.639510E+0000
 1.980560E+0002  2.403450E+0000
 1.981810E+0002  1.167390E+0000
 1.983070E+0002 -3.041100E-0001
 1.984170E+0002 -2.020860E+0000
 1.985420E+0002 -3.914190E+0000
 1.986610E+0002 -6.190110E+0000
 1.987860E+0002 -8.662230E+0000
 1.989110E+0002 -1.074195E+0001
 1.990210E+0002 -1.224288E+0001
 1.991460E+0002 -1.305711E+0001
 1.992720E+0002 -1.342989E+0001
 1.993800E+0002 -1.357704E+0001
 1.995050E+0002 -1.363590E+0001
 1.997400E+0002 -1.365552E+0001
 1.999840E+0002 -1.367514E+0001
 2.002190E+0002 -1.367514E+0001
 2.004690E+0002 -1.369476E+0001
 2.009550E+0002 -1.371438E+0001
 2.011880E+0002 -1.371438E+0001
 2.014210E+0002 -1.373400E+0001
 2.016710E+0002 -1.373400E+0001
 2.019070E+0002 -1.375362E+0001
 2.023900E+0002 -1.375362E+0001
 2.028750E+0002 -1.375362E+0001
 2.033440E+0002 -1.375362E+0001
 2.038270E+0002 -1.375362E+0001
 2.043130E+0002 -1.369476E+0001
 2.044210E+0002 -1.220364E+0001
 2.045460E+0002 -1.040841E+0001
 2.046710E+0002 -8.112870E+0000
 2.047810E+0002 -5.797710E+0000
 2.049060E+0002 -3.551220E+0000
 2.050320E+0002 -1.599030E+0000
 2.051410E+0002  6.867000E-0002
 2.052650E+0002  1.569600E+0000
 2.053900E+0002  2.913570E+0000
 2.055000E+0002  4.208490E+0000
 2.056250E+0002  5.483790E+0000
 2.057500E+0002  6.749280E+0000
 2.058650E+0002  8.004960E+0000
 2.059900E+0002  9.290070E+0000
 2.061150E+0002  1.053594E+0001
 2.062260E+0002  1.152675E+0001
 2.063510E+0002  1.187991E+0001
 2.064610E+0002  1.081062E+0001
 2.065860E+0002  8.338500E+0000
 2.067110E+0002  5.473980E+0000
 2.068190E+0002  3.070530E+0000
 2.069440E+0002  1.628460E+0000
 2.070700E+0002  9.417600E-0001
 2.071800E+0002  6.670800E-0001
 2.073050E+0002  5.689800E-0001
 2.075380E+0002  5.395500E-0001
 2.077880E+0002  5.199300E-0001
 2.080240E+0002  5.101200E-0001
 2.082570E+0002  5.101200E-0001
 2.085070E+0002  5.003100E-0001
 2.089920E+0002  5.003100E-0001
 2.094610E+0002  5.003100E-0001
 2.099400E+0002  4.905000E-0001
 2.104260E+0002  5.003100E-0001
 2.109090E+0002  1.353780E+0000
 2.110350E+0002  4.640130E+0000
 2.111440E+0002  4.983480E+0000
 2.112680E+0002  5.120820E+0000
 2.113930E+0002  4.100580E+0000
 2.115030E+0002  3.070530E+0000
 2.116280E+0002  1.824660E+0000
 2.117380E+0002  2.158200E-0001
 2.118630E+0002 -1.618650E+0000
 2.119880E+0002 -3.561030E+0000
 2.121130E+0002 -5.513220E+0000
 2.122210E+0002 -7.377120E+0000
 2.123460E+0002 -9.142920E+0000
 2.124720E+0002 -1.072233E+0001
 2.125970E+0002 -1.192896E+0001
 2.127070E+0002 -1.276281E+0001
 2.128320E+0002 -1.323369E+0001
 2.129570E+0002 -1.349856E+0001
 2.130650E+0002 -1.361628E+0001
 2.131900E+0002 -1.365552E+0001
 2.134250E+0002 -1.367514E+0001
 2.136740E+0002 -1.367514E+0001
 2.139090E+0002 -1.367514E+0001
 2.141440E+0002 -1.367514E+0001
 2.146280E+0002 -1.367514E+0001
 2.151130E+0002 -1.367514E+0001
 2.155970E+0002 -1.367514E+0001
 2.160650E+0002 -1.367514E+0001
 2.165500E+0002 -1.361628E+0001
 2.166750E+0002 -1.208592E+0001
 2.167990E+0002 -1.013373E+0001
 2.169090E+0002 -7.563510E+0000
 2.170340E+0002 -5.003100E+0000
 2.171440E+0002 -2.580030E+0000
 2.172690E+0002 -4.316400E-0001
 2.173940E+0002  1.422450E+0000
 2.175020E+0002  3.149010E+0000
 2.176270E+0002  4.806900E+0000
 2.177520E+0002  6.523650E+0000
 2.178780E+0002  8.112870E+0000
 2.179880E+0002  9.417600E+0000
 2.181130E+0002  1.051632E+0001
 2.182380E+0002  1.142865E+0001
 2.183460E+0002  1.199763E+0001
 2.184710E+0002  1.184067E+0001
 2.185960E+0002  9.966960E+0000
 2.187070E+0002  7.082820E+0000
 2.188320E+0002  4.228110E+0000
 2.189560E+0002  2.266110E+0000
 2.190650E+0002  1.206630E+0000
 2.191900E+0002  7.357500E-0001
 2.193000E+0002  5.689800E-0001
 2.194250E+0002  5.199300E-0001
 2.196600E+0002  5.003100E-0001
 2.199090E+0002  4.905000E-0001
 2.201440E+0002  4.905000E-0001
 2.203940E+0002  4.905000E-0001
 2.208620E+0002  4.905000E-0001
 2.213460E+0002  4.806900E-0001
 2.218310E+0002  4.806900E-0001
 2.223150E+0002  4.806900E-0001
 2.227830E+0002  9.711900E-0001
 2.229080E+0002  4.954050E+0000
 2.230330E+0002  5.670180E+0000
 2.231430E+0002  5.993910E+0000
 2.232690E+0002  4.973670E+0000
 2.233950E+0002  3.894570E+0000
 2.235050E+0002  2.746800E+0000
 2.236300E+0002  1.481310E+0000
 2.237400E+0002  4.905000E-0002
 2.238650E+0002 -1.687320E+0000
 2.239900E+0002 -3.757230E+0000
 2.241150E+0002 -5.944860E+0000
 2.242230E+0002 -8.054010E+0000
 2.243480E+0002 -1.009449E+0001
 2.244740E+0002 -1.169352E+0001
 2.245990E+0002 -1.274319E+0001
 2.247070E+0002 -1.329255E+0001
 2.248320E+0002 -1.353780E+0001
 2.249570E+0002 -1.363590E+0001
 2.251920E+0002 -1.365552E+0001
 2.254270E+0002 -1.367514E+0001
 2.256760E+0002 -1.365552E+0001
 2.259180E+0002 -1.365552E+0001
 2.261510E+0002 -1.365552E+0001
 2.266400E+0002 -1.365552E+0001
 2.271080E+0002 -1.365552E+0001
 2.275920E+0002 -1.365552E+0001
 2.280770E+0002 -1.365552E+0001
 2.285600E+0002 -1.311597E+0001
 2.286710E+0002 -6.994530E+0000
 2.287930E+0002 -3.580650E+0000
 2.289030E+0002 -1.569600E-0001
 2.290280E+0002  1.726560E+0000
 2.291530E+0002  3.374640E+0000
 2.292610E+0002  4.836330E+0000
 2.293860E+0002  6.229350E+0000
 2.295120E+0002  7.583130E+0000
 2.296220E+0002  8.829000E+0000
 2.297470E+0002  1.000620E+0001
 2.298720E+0002  1.105587E+0001
 2.299980E+0002  1.180143E+0001
 2.301070E+0002  1.209573E+0001
 2.302310E+0002  1.170333E+0001
 2.303560E+0002  9.986580E+0000
 2.304660E+0002  6.759090E+0000
 2.305910E+0002  3.874950E+0000
 2.307160E+0002  1.942380E+0000
 2.308260E+0002  9.908100E-0001
 2.309510E+0002  5.984100E-0001
 2.310770E+0002  4.806900E-0001
 2.311840E+0002  4.218300E-0001
 2.314350E+0002  4.120200E-0001
 2.316700E+0002  4.120200E-0001
 2.319200E+0002  4.120200E-0001
 2.321530E+0002  4.120200E-0001
 2.326370E+0002  4.022100E-0001
 2.331070E+0002  4.022100E-0001
 2.335910E+0002  4.022100E-0001
 2.340770E+0002  3.924000E-0001
 2.345450E+0002  4.610700E-0001
 2.346700E+0002  2.756610E+0000
 2.347950E+0002  4.698990E+0000
 2.349200E+0002  6.454980E+0000
 2.350300E+0002  7.023960E+0000
 2.351540E+0002  6.817950E+0000
 2.352630E+0002  6.082200E+0000
 2.353890E+0002  5.199300E+0000
 2.355140E+0002  4.228110E+0000
 2.356390E+0002  3.217680E+0000
 2.357490E+0002  2.197440E+0000
 2.358740E+0002  1.245870E+0000
 2.359820E+0002  4.905000E-0002
 2.361070E+0002 -1.500930E+0000
 2.362320E+0002 -3.325590E+0000
 2.363580E+0002 -5.375880E+0000
 2.364670E+0002 -7.524270E+0000
 2.365900E+0002 -9.466650E+0000
 2.367150E+0002 -1.108530E+0001
 2.368410E+0002 -1.229193E+0001
 2.369500E+0002 -1.303749E+0001
 2.370740E+0002 -1.344951E+0001
 2.371990E+0002 -1.361628E+0001
 2.373090E+0002 -1.367514E+0001
 2.375590E+0002 -1.367514E+0001
 2.377940E+0002 -1.369476E+0001
 2.380270E+0002 -1.371438E+0001
 2.382780E+0002 -1.373400E+0001
 2.387610E+0002 -1.375362E+0001
 2.389960E+0002 -1.377324E+0001
 2.392310E+0002 -1.379286E+0001
 2.394800E+0002 -1.379286E+0001
 2.397150E+0002 -1.379286E+0001
 2.402000E+0002 -1.379286E+0001
 2.406840E+0002 -1.379286E+0001
 2.409190E+0002 -1.363590E+0001
 2.410440E+0002 -1.126188E+0001
 2.411530E+0002 -8.524890E+0000
 2.412770E+0002 -5.454360E+0000
 2.414030E+0002 -2.962620E+0000
 2.415130E+0002 -9.711900E-0001
 2.416380E+0002  6.180300E-0001
 2.417460E+0002  1.962000E+0000
 2.418710E+0002  3.207870E+0000
 2.419970E+0002  4.424310E+0000
 2.421070E+0002  5.621130E+0000
 2.422320E+0002  6.906240E+0000
 2.423570E+0002  8.250210E+0000
 2.424670E+0002  9.515700E+0000
 2.425920E+0002  1.061442E+0001
 2.427170E+0002  1.148751E+0001
 2.428410E+0002  1.207611E+0001
 2.429500E+0002  1.209573E+0001
 2.432010E+0002  1.150713E+0001
 2.433110E+0002  6.543270E+0000
 2.434360E+0002  3.865140E+0000
 2.435610E+0002  1.599030E+0000
 2.436690E+0002  9.221400E-0001
 2.437940E+0002  6.572700E-0001
 2.439050E+0002  5.591700E-0001
 2.441550E+0002  5.199300E-0001
 2.443880E+0002  5.101200E-0001
 2.446380E+0002  5.101200E-0001
 2.448730E+0002  5.101200E-0001
 2.451220E+0002  5.003100E-0001
 2.455920E+0002  5.003100E-0001
 2.460690E+0002  5.003100E-0001
 2.465540E+0002  5.003100E-0001
 2.470380E+0002  4.905000E-0001
 2.475230E+0002  4.905000E-0001
 2.479910E+0002  4.905000E-0001
 2.484700E+0002  8.927100E-0001
 2.486000E+0002  4.159440E+0000
 2.487110E+0002  4.630320E+0000
 2.488350E+0002  4.806900E+0000
 2.489600E+0002  3.865140E+0000
 2.490700E+0002  2.844900E+0000
 2.491950E+0002  1.667700E+0000
 2.493190E+0002  1.177200E-0001
 2.494290E+0002 -1.726560E+0000
 2.495540E+0002 -3.786660E+0000
 2.496790E+0002 -5.905620E+0000
 2.498040E+0002 -7.828380E+0000
 2.499140E+0002 -9.535320E+0000
 2.500390E+0002 -1.116378E+0001
 2.501630E+0002 -1.237041E+0001
 2.502720E+0002 -1.311597E+0001
 2.503980E+0002 -1.346913E+0001
 2.505230E+0002 -1.359666E+0001
 2.506330E+0002 -1.363590E+0001
 2.508830E+0002 -1.363590E+0001
 2.511160E+0002 -1.363590E+0001
 2.513670E+0002 -1.363590E+0001
 2.516000E+0002 -1.363590E+0001
 2.520850E+0002 -1.363590E+0001
 2.525530E+0002 -1.363590E+0001
 2.530390E+0002 -1.365552E+0001
 2.535150E+0002 -1.365552E+0001
 2.539990E+0002 -1.365552E+0001
 2.544840E+0002 -1.363590E+0001
 2.549520E+0002 -1.290015E+0001
 2.550750E+0002 -5.895810E+0000
 2.552000E+0002 -2.364210E+0000
 2.553250E+0002  1.294920E+0000
 2.554350E+0002  3.227490E+0000
 2.555600E+0002  5.003100E+0000
 2.556850E+0002  6.641370E+0000
 2.557960E+0002  8.191350E+0000
 2.559190E+0002  9.653040E+0000
 2.560440E+0002  1.092834E+0001
 2.561530E+0002  1.168371E+0001
 2.562790E+0002  1.135017E+0001
 2.564040E+0002  9.388170E+0000
 2.565120E+0002  6.631560E+0000
 2.566370E+0002  3.953430E+0000
 2.567620E+0002  2.148390E+0000
 2.568720E+0002  1.157580E+0000
 2.569970E+0002  7.455600E-0001
 2.571230E+0002  5.984100E-0001
 2.572320E+0002  5.591700E-0001
 2.574810E+0002  5.493600E-0001
 2.577160E+0002  5.395500E-0001
 2.579670E+0002  5.395500E-0001
 2.582000E+0002  5.199300E-0001
 2.586860E+0002  5.199300E-0001
 2.591530E+0002  5.101200E-0001
 2.596390E+0002  5.101200E-0001
 2.601160E+0002  5.689800E-0001
 2.603510E+0002  1.373400E+0000
 2.604760E+0002  4.267350E+0000
 2.606010E+0002  4.600890E+0000
 2.607120E+0002  4.473360E+0000
 2.608370E+0002  3.041100E+0000
 2.609620E+0002  1.412640E+0000
 2.610870E+0002 -6.768900E-0001
 2.611950E+0002 -3.227490E+0000
 2.613200E+0002 -5.738850E+0000
 2.614450E+0002 -8.299260E+0000
 2.615560E+0002 -1.062423E+0001
 2.616810E+0002 -1.220364E+0001
 2.618050E+0002 -1.311597E+0001
 2.619240E+0002 -1.347894E+0001
 2.620490E+0002 -1.359666E+0001
 2.621590E+0002 -1.363590E+0001
 2.624080E+0002 -1.363590E+0001
 2.626430E+0002 -1.365552E+0001
 2.628760E+0002 -1.365552E+0001
 2.631260E+0002 -1.367514E+0001
 2.635960E+0002 -1.367514E+0001
 2.640800E+0002 -1.367514E+0001
 2.645650E+0002 -1.367514E+0001
 2.650350E+0002 -1.367514E+0001
 2.655210E+0002 -1.367514E+0001
 2.659960E+0002 -1.361628E+0001
 2.661240E+0002 -1.040841E+0001
 2.662480E+0002 -6.945480E+0000
 2.663570E+0002 -3.178440E+0000
 2.664820E+0002 -8.829000E-0002
 2.666080E+0002  2.589840E+0000
 2.667170E+0002  5.111010E+0000
 2.668430E+0002  7.504650E+0000
 2.669510E+0002  9.554940E+0000
 2.670760E+0002  1.107549E+0001
 2.672010E+0002  1.142865E+0001
 2.673110E+0002  9.564750E+0000
 2.674360E+0002  6.523650E+0000
 2.675700E+0002  3.717990E+0000
 2.676790E+0002  1.922760E+0000
 2.678050E+0002  1.039860E+0000
 2.679300E+0002  6.965100E-0001
 2.680380E+0002  5.689800E-0001
 2.681630E+0002  5.395500E-0001
 2.683980E+0002  5.101200E-0001
 2.686480E+0002  5.101200E-0001
 2.688820E+0002  5.101200E-0001
 2.691170E+0002  5.101200E-0001
 2.696000E+0002  4.905000E-0001
 2.698350E+0002  4.905000E-0001
 2.700840E+0002  4.905000E-0001
 2.703190E+0002  4.905000E-0001
 2.705690E+0002  4.905000E-0001
 2.710380E+0002  4.806900E-0001
 2.715240E+0002  4.905000E-0001
 2.720070E+0002  4.905000E-0001
 2.724770E+0002  4.905000E-0001
 2.729610E+0002  1.245870E+0000
 2.730860E+0002  4.748040E+0000
 2.731940E+0002  5.179680E+0000
 2.733190E+0002  5.277780E+0000
 2.734440E+0002  4.120200E+0000
 2.735540E+0002  2.923380E+0000
 2.736790E+0002  1.442070E+0000
 2.738050E+0002 -4.316400E-0001
 2.739300E+0002 -2.786040E+0000
 2.740380E+0002 -5.738850E+0000
 2.741630E+0002 -8.819190E+0000
 2.742880E+0002 -1.118340E+0001
 2.743980E+0002 -1.260585E+0001
 2.745230E+0002 -1.327293E+0001
 2.746480E+0002 -1.353780E+0001
 2.747580E+0002 -1.361628E+0001
 2.750070E+0002 -1.365552E+0001
 2.752420E+0002 -1.369476E+0001
 2.754920E+0002 -1.371438E+0001
 2.757270E+0002 -1.377324E+0001
 2.759600E+0002 -1.414602E+0001
 2.760860E+0002 -1.602954E+0001
 2.762110E+0002 -1.693206E+0001
 2.763210E+0002 -1.780515E+0001
 2.764460E+0002 -1.815831E+0001
 2.765710E+0002 -1.833489E+0001
 2.766790E+0002 -1.821717E+0001
 2.768040E+0002 -1.776591E+0001
 2.769290E+0002 -1.712826E+0001
 2.770390E+0002 -1.675548E+0001
 2.771640E+0002 -1.681434E+0001
 2.773970E+0002 -1.693206E+0001
 2.775230E+0002 -1.743237E+0001
 2.776480E+0002 -1.731465E+0001
 2.777730E+0002 -1.719693E+0001
 2.778830E+0002 -1.721655E+0001
 2.781320E+0002 -1.731465E+0001
 2.782420E+0002 -1.770705E+0001
 2.783670E+0002 -1.762857E+0001
 2.786020E+0002 -1.772667E+0001
 2.787270E+0002 -1.786401E+0001
 2.788520E+0002 -1.669662E+0001
 2.789610E+0002 -1.550961E+0001
 2.790860E+0002 -1.453842E+0001
 2.792110E+0002 -1.402830E+0001
 2.793210E+0002 -1.381248E+0001
 2.794460E+0002 -1.367514E+0001
 2.795720E+0002 -1.333179E+0001
 2.796810E+0002 -1.212516E+0001
 2.798050E+0002 -9.859050E+0000
 2.799300E+0002 -6.974910E+0000
 2.800550E+0002 -4.061340E+0000
 2.801650E+0002 -1.442070E+0000
 2.802750E+0002  7.553700E-0001
 2.804000E+0002  2.815470E+0000
 2.805250E+0002  4.954050E+0000
 2.806500E+0002  7.073010E+0000
 2.807580E+0002  9.123300E+0000
 2.808830E+0002  1.075176E+0001
 2.810100E+0002  1.140903E+0001
 2.811330E+0002  9.927720E+0000
 2.812420E+0002  6.837570E+0000
 2.813670E+0002  3.924000E+0000
 2.814920E+0002  2.001240E+0000
 2.816020E+0002  1.049670E+0000
 2.817270E+0002  6.768900E-0001
 2.818520E+0002  5.395500E-0001
 2.819620E+0002  4.905000E-0001
 2.821950E+0002  4.806900E-0001
 2.824460E+0002  4.806900E-0001
 2.826790E+0002  4.806900E-0001
 2.829290E+0002  4.806900E-0001
 2.834140E+0002  4.708800E-0001
 2.838790E+0002  4.610700E-0001
 2.843650E+0002  6.474600E-0001
 2.844900E+0002  4.306590E+0000
 2.846150E+0002  5.150250E+0000
 2.847230E+0002  5.199300E+0000
 2.849740E+0002  4.502790E+0000
 2.850830E+0002  5.591700E-0001
 2.852070E+0002 -2.992050E+0000
 2.853320E+0002 -7.239780E+0000
 2.854420E+0002 -1.031031E+0001
 2.855670E+0002 -1.220364E+0001
 2.856920E+0002 -1.313559E+0001
 2.858020E+0002 -1.351818E+0001
 2.859270E+0002 -1.365552E+0001
 2.860420E+0002 -1.373400E+0001
 2.862930E+0002 -1.375362E+0001
 2.865260E+0002 -1.377324E+0001
 2.867640E+0002 -1.377324E+0001
 2.870090E+0002 -1.379286E+0001
 2.872440E+0002 -1.381248E+0001
 2.877290E+0002 -1.381248E+0001
 2.879620E+0002 -1.383210E+0001
 2.882130E+0002 -1.383210E+0001
 2.884480E+0002 -1.383210E+0001
 2.886980E+0002 -1.383210E+0001
 2.891670E+0002 -1.383210E+0001
 2.896500E+0002 -1.383210E+0001
 2.901360E+0002 -1.381248E+0001
 2.903690E+0002 -1.363590E+0001
 2.904940E+0002 -1.019259E+0001
 2.906040E+0002 -6.317640E+0000
 2.907300E+0002 -2.079720E+0000
 2.908550E+0002  1.314540E+0000
 2.909630E+0002  4.051530E+0000
 2.910880E+0002  6.386310E+0000
 2.912160E+0002  8.456220E+0000
 2.913240E+0002  1.028088E+0001
 2.914490E+0002  1.123245E+0001
 2.915740E+0002  1.012392E+0001
 2.916840E+0002  7.298640E+0000
 2.918050E+0002  4.375260E+0000
 2.919300E+0002  2.305350E+0000
 2.920390E+0002  1.226250E+0000
 2.921640E+0002  7.749900E-0001
 2.922880E+0002  5.886000E-0001
 2.924140E+0002  5.395500E-0001
 2.926490E+0002  5.199300E-0001
 2.928990E+0002  5.101200E-0001
 2.931250E+0002  5.101200E-0001
 2.933750E+0002  5.101200E-0001
 2.938440E+0002  5.003100E-0001
 2.943290E+0002  5.003100E-0001
 2.948130E+0002  5.003100E-0001
 2.952980E+0002  4.905000E-0001
 2.957670E+0002  9.417600E-0001
 2.958920E+0002  4.267350E+0000
 2.960170E+0002  4.571460E+0000
 2.961250E+0002  4.394880E+0000
 2.962500E+0002  2.884140E+0000
 2.963750E+0002  1.157580E+0000
 2.964860E+0002 -1.010430E+0000
 2.966110E+0002 -3.580650E+0000
 2.967350E+0002 -6.013530E+0000
 2.968440E+0002 -8.289450E+0000
 2.969710E+0002 -1.017297E+0001
 2.970960E+0002 -1.135998E+0001
 2.972050E+0002 -1.200744E+0001
 2.973300E+0002 -1.235079E+0001
 2.974550E+0002 -1.248813E+0001
 2.975650E+0002 -1.252737E+0001
 2.978150E+0002 -1.252737E+0001
 2.980480E+0002 -1.250775E+0001
 2.982990E+0002 -1.248813E+0001
 2.985340E+0002 -1.248813E+0001
 2.987670E+0002 -1.250775E+0001
 2.990100E+0002 -1.254699E+0001
 2.992600E+0002 -1.258623E+0001
 2.994950E+0002 -1.264509E+0001
 2.997290E+0002 -1.270395E+0001
 2.999790E+0002 -1.272357E+0001
 3.002140E+0002 -1.214478E+0001
 3.003390E+0002 -6.935670E+0000
 3.004470E+0002 -3.521790E+0000
 3.005720E+0002 -1.962000E-0002
 3.006980E+0002  2.069910E+0000
 3.008070E+0002  3.806280E+0000
 3.009310E+0002  5.405310E+0000
 3.010560E+0002  6.965100E+0000
 3.011660E+0002  8.515080E+0000
 3.012980E+0002  1.004544E+0001
 3.014090E+0002  1.115397E+0001
 3.015340E+0002  1.086948E+0001
 3.016590E+0002  8.456220E+0000
 3.017690E+0002  5.405310E+0000
 3.018920E+0002  2.913570E+0000
 3.020170E+0002  1.481310E+0000
 3.021270E+0002  8.338500E-0001
 3.022530E+0002  5.886000E-0001
 3.023620E+0002  5.101200E-0001
 3.026110E+0002  4.905000E-0001
 3.028460E+0002  4.806900E-0001
 3.030810E+0002  4.806900E-0001
 3.033310E+0002  4.708800E-0001
 3.035800E+0002  4.708800E-0001
 3.040480E+0002  4.610700E-0001
 3.045340E+0002  4.610700E-0001
 3.050170E+0002  4.610700E-0001
 3.054870E+0002  4.414500E-0001
 3.059710E+0002  4.414500E-0001
 3.064540E+0002  4.316400E-0001
 3.069240E+0002  4.316400E-0001
 3.074080E+0002  4.316400E-0001
 3.078930E+0002  4.218300E-0001
 3.083770E+0002  4.218300E-0001
 3.088460E+0002  4.120200E-0001
 3.093310E+0002  4.120200E-0001
 3.097990E+0002  8.142300E-0001
 3.099250E+0002  4.179060E+0000
 3.100500E+0002  4.630320E+0000
 3.101760E+0002  4.620510E+0000
 3.104110E+0002  3.953430E+0000
 3.105300E+0002  6.768900E-0001
 3.106550E+0002 -1.912950E+0000
 3.107650E+0002 -4.728420E+0000
 3.108900E+0002 -7.190730E+0000
 3.110150E+0002 -9.594180E+0000
 3.111400E+0002 -1.139922E+0001
 3.112480E+0002 -1.262547E+0001
 3.113730E+0002 -1.325331E+0001
 3.114980E+0002 -1.353780E+0001
 3.116090E+0002 -1.363590E+0001
 3.118590E+0002 -1.365552E+0001
 3.120920E+0002 -1.365552E+0001
 3.123270E+0002 -1.367514E+0001
 3.125730E+0002 -1.367514E+0001
 3.128220E+0002 -1.369476E+0001
 3.132920E+0002 -1.369476E+0001
 3.137760E+0002 -1.369476E+0001
 3.142590E+0002 -1.369476E+0001
 3.147450E+0002 -1.369476E+0001
 3.152130E+0002 -1.369476E+0001
 3.156980E+0002 -1.363590E+0001
 3.158220E+0002 -1.135998E+0001
 3.159310E+0002 -8.367930E+0000
 3.160570E+0002 -4.698990E+0000
 3.161820E+0002 -1.491120E+0000
 3.162900E+0002  1.147770E+0000
 3.164150E+0002  3.394260E+0000
 3.165400E+0002  5.346450E+0000
 3.166500E+0002  7.073010E+0000
 3.167750E+0002  8.750520E+0000
 3.169000E+0002  1.032012E+0001
 3.170100E+0002  1.142865E+0001
 3.171350E+0002  1.113435E+0001
 3.172590E+0002  8.730900E+0000
 3.173710E+0002  5.660370E+0000
 3.174940E+0002  3.129390E+0000
 3.176190E+0002  1.628460E+0000
 3.177290E+0002  9.319500E-0001
 3.178540E+0002  6.572700E-0001
 3.179790E+0002  5.689800E-0001
 3.182120E+0002  5.395500E-0001
 3.184480E+0002  5.199300E-0001
 3.186980E+0002  5.199300E-0001
 3.189310E+0002  5.101200E-0001
 3.191810E+0002  5.101200E-0001
 3.196500E+0002  5.003100E-0001
 3.201350E+0002  5.003100E-0001
 3.206190E+0002  5.003100E-0001
 3.210890E+0002  4.905000E-0001
 3.215730E+0002  8.632800E-0001
 3.216980E+0002  2.776230E+0000
 3.218080E+0002  2.040480E+0000
 3.219340E+0002 -1.962000E-0001
 3.220590E+0002 -3.992670E+0000
 3.221840E+0002 -7.671420E+0000
 3.222920E+0002 -1.046727E+0001
 3.224170E+0002 -1.216440E+0001
 3.225420E+0002 -1.295901E+0001
 3.226530E+0002 -1.327293E+0001
 3.227780E+0002 -1.341027E+0001
 3.229030E+0002 -1.337103E+0001
 3.231360E+0002 -1.339065E+0001
 3.233860E+0002 -1.339065E+0001
 3.236220E+0002 -1.342989E+0001
 3.238550E+0002 -1.346913E+0001
 3.240900E+0002 -1.349856E+0001
 3.243400E+0002 -1.351818E+0001
 3.245750E+0002 -1.355742E+0001
 3.248240E+0002 -1.357704E+0001
 3.250590E+0002 -1.359666E+0001
 3.252920E+0002 -1.361628E+0001
 3.255430E+0002 -1.363590E+0001
 3.257780E+0002 -1.365552E+0001
 3.260280E+0002 -1.365552E+0001
 3.262640E+0002 -1.365552E+0001
 3.264970E+0002 -1.365552E+0001
 3.269750E+0002 -1.365552E+0001
 3.274580E+0002 -1.365552E+0001
 3.279410E+0002 -1.365552E+0001
 3.284260E+0002 -1.367514E+0001
 3.289100E+0002 -1.365552E+0001
 3.293780E+0002 -1.301787E+0001
 3.295030E+0002 -5.660370E+0000
 3.296140E+0002 -1.795230E+0000
 3.297390E+0002  2.148390E+0000
 3.298640E+0002  4.365450E+0000
 3.299720E+0002  6.504030E+0000
 3.300990E+0002  8.495460E+0000
 3.302240E+0002  1.028088E+0001
 3.303330E+0002  1.113435E+0001
 3.304580E+0002  1.006506E+0001
 3.305830E+0002  6.817950E+0000
 3.306930E+0002  3.874950E+0000
 3.308180E+0002  1.903140E+0000
 3.309430E+0002  9.711900E-0001
 3.310510E+0002  6.180300E-0001
 3.311760E+0002  4.905000E-0001
 3.313010E+0002  4.414500E-0001
 3.315370E+0002  4.316400E-0001
 3.317870E+0002  4.316400E-0001
 3.320210E+0002  4.316400E-0001
 3.322560E+0002  4.316400E-0001
 3.327410E+0002  4.218300E-0001
 3.332250E+0002  4.120200E-0001
 3.336930E+0002  4.120200E-0001
 3.341780E+0002  4.120200E-0001
 3.346620E+0002  4.120200E-0001
 3.351460E+0002  4.120200E-0001
 3.356140E+0002  4.022100E-0001
 3.360990E+0002  4.022100E-0001
 3.365830E+0002  3.924000E-0001
 3.370680E+0002  3.924000E-0001
 3.375370E+0002  3.727800E-0001
 3.380230E+0002  3.727800E-0001
 3.385050E+0002  3.727800E-0001
 3.389740E+0002  3.629700E-0001
 3.394600E+0002  3.629700E-0001
 3.399340E+0002  3.531600E-0001
 3.404180E+0002  3.531600E-0001
 3.409020E+0002  3.531600E-0001
 3.413870E+0002  3.433500E-0001
 3.418550E+0002  3.433500E-0001
 3.423390E+0002  3.433500E-0001
 3.428240E+0002  3.433500E-0001
 3.432920E+0002  3.335400E-0001
 3.437760E+0002  3.335400E-0001
 3.442610E+0002  3.335400E-0001
 3.447470E+0002  3.237300E-0001
 3.452150E+0002  3.237300E-0001
 3.457010E+0002  3.139200E-0001
 3.461850E+0002  3.139200E-0001
 3.466530E+0002  2.943000E-0001
 3.471370E+0002  2.943000E-0001
 3.476220E+0002  2.943000E-0001
 3.480980E+0002  2.844900E-0001
 3.485830E+0002  2.844900E-0001
 3.490670E+0002  2.844900E-0001
 3.495370E+0002  2.844900E-0001
 3.500210E+0002  2.844900E-0001
 3.505040E+0002  2.746800E-0001
 3.509730E+0002  2.746800E-0001
 3.514580E+0002  2.550600E-0001
 3.519440E+0002  2.550600E-0001
 3.524270E+0002  2.550600E-0001
 3.528960E+0002  2.452500E-0001
 3.533810E+0002  2.452500E-0001
 3.538530E+0002  2.452500E-0001
 3.543370E+0002  2.452500E-0001
 3.548250E+0002  2.452500E-0001

