#============================================================
# Created with Tensionmeter 1.0 on 24.04.2024, 9:14:28.
#============================================================
 0.000000E+0000  2.943000E-0002
 4.840000E-0001  2.943000E-0002
 9.540000E-0001  2.943000E-0002
 1.437000E+0000  2.943000E-0002
 1.923000E+0000  2.943000E-0002
 2.398000E+0000  2.943000E-0002
 2.882000E+0000  2.943000E-0002
 3.350000E+0000  1.962000E-0002
 3.835000E+0000  1.962000E-0002
 4.319000E+0000  1.962000E-0002
 4.804000E+0000  1.962000E-0002
 5.272000E+0000  1.962000E-0002
 5.756000E+0000  1.962000E-0002
 6.235000E+0000  1.962000E-0002
 6.719000E+0000  1.962000E-0002
 7.204000E+0000  1.962000E-0002
 7.672000E+0000  1.962000E-0002
 8.158000E+0000  1.962000E-0002
 8.641000E+0000  1.962000E-0002
 9.110000E+0000  1.962000E-0002
 9.595000E+0000  1.962000E-0002
 1.007900E+0001  1.962000E-0002
 1.056400E+0001  2.943000E-0002
 1.103300E+0001  2.943000E-0002
 1.151600E+0001  2.943000E-0002
 1.200600E+0001  2.943000E-0002
 1.247400E+0001  2.943000E-0002
 1.394400E+0001  0.000000E+0000
 1.439700E+0001  0.000000E+0000
 1.488100E+0001  0.000000E+0000
 1.536600E+0001  0.000000E+0000
 1.583400E+0001  0.000000E+0000
 1.631800E+0001  0.000000E+0000
 1.680400E+0001  0.000000E+0000
 1.728700E+0001  0.000000E+0000
 1.775700E+0001  0.000000E+0000
 1.824100E+0001  0.000000E+0000
 1.872400E+0001  0.000000E+0000
 1.921000E+0001  0.000000E+0000
 1.967800E+0001  0.000000E+0000
 2.016500E+0001  0.000000E+0000
 2.063500E+0001  0.000000E+0000
 2.111900E+0001  0.000000E+0000
 2.160400E+0001  0.000000E+0000
 2.208800E+0001  0.000000E+0000
 2.255700E+0001  0.000000E+0000
 2.304900E+0001  0.000000E+0000
 2.351800E+0001  0.000000E+0000
 2.400300E+0001  0.000000E+0000
 2.448700E+0001  0.000000E+0000
 2.495600E+0001  0.000000E+0000
 2.544100E+0001  0.000000E+0000
 2.592500E+0001  0.000000E+0000
 2.639300E+0001  0.000000E+0000
 2.687800E+0001  0.000000E+0000
 2.736200E+0001  0.000000E+0000
 2.784700E+0001  0.000000E+0000
 2.831500E+0001  0.000000E+0000
 2.880200E+0001  0.000000E+0000
 2.928500E+0001  0.000000E+0000
 2.977100E+0001  0.000000E+0000
 3.023900E+0001  0.000000E+0000
 3.070700E+0001  3.924000E-0002
 3.095800E+0001  6.768900E-0001
 3.108300E+0001 -1.962000E-0001
 3.120800E+0001 -2.256300E+0000
 3.131600E+0001 -5.042340E+0000
 3.144300E+0001 -8.760330E+0000
 3.156800E+0001 -1.216440E+0001
 3.167700E+0001 -1.548999E+0001
 3.179500E+0001 -1.920798E+0001
 3.192200E+0001 -2.337723E+0001
 3.204700E+0001 -2.842938E+0001
 3.215500E+0001 -3.423690E+0001
 3.228000E+0001 -3.952449E+0001
 3.240600E+0001 -4.343868E+0001
 3.253100E+0001 -4.573422E+0001
 3.264100E+0001 -4.683294E+0001
 3.276600E+0001 -4.727439E+0001
 3.288400E+0001 -4.741173E+0001
 3.300900E+0001 -4.743135E+0001
 3.324300E+0001 -4.743135E+0001
 3.349300E+0001 -4.743135E+0001
 3.372800E+0001 -4.743135E+0001
 3.396100E+0001 -4.741173E+0001
 3.444700E+0001 -4.740192E+0001
 3.468200E+0001 -4.740192E+0001
 3.493100E+0001 -4.738230E+0001
 3.516600E+0001 -4.735287E+0001
 3.541600E+0001 -4.733325E+0001
 3.565100E+0001 -4.732344E+0001
 3.588400E+0001 -4.732344E+0001
 3.613500E+0001 -4.732344E+0001
 3.661900E+0001 -4.733325E+0001
 3.685400E+0001 -4.735287E+0001
 3.709700E+0001 -4.738230E+0001
 3.733200E+0001 -4.740192E+0001
 3.758200E+0001 -4.741173E+0001
 3.781500E+0001 -4.743135E+0001
 3.806600E+0001 -4.743135E+0001
 3.830100E+0001 -4.743135E+0001
 3.853400E+0001 -4.743135E+0001
 3.902000E+0001 -4.743135E+0001
 3.950300E+0001 -4.743135E+0001
 3.998700E+0001 -4.741173E+0001
 4.045700E+0001 -4.740192E+0001
 4.094000E+0001 -4.740192E+0001
 4.118000E+0001 -4.738230E+0001
 4.143000E+0001 -4.738230E+0001
 4.166500E+0001 -4.735287E+0001
 4.191400E+0001 -4.735287E+0001
 4.238400E+0001 -4.735287E+0001
 4.286700E+0001 -4.733325E+0001
 4.335100E+0001 -4.732344E+0001
 4.383700E+0001 -4.732344E+0001
 4.432000E+0001 -4.730382E+0001
 4.479000E+0001 -4.730382E+0001
 4.527400E+0001 -4.730382E+0001
 4.575900E+0001 -4.729401E+0001
 4.624300E+0001 -4.729401E+0001
 4.672600E+0001 -4.727439E+0001
 4.719600E+0001 -4.727439E+0001
 4.768000E+0001 -4.727439E+0001
 4.816400E+0001 -4.725477E+0001
 4.839900E+0001 -4.722534E+0001
 4.864900E+0001 -4.713705E+0001
 4.888400E+0001 -4.685256E+0001
 4.900900E+0001 -4.461588E+0001
 4.911800E+0001 -4.210452E+0001
 4.924300E+0001 -3.831786E+0001
 4.936800E+0001 -3.302046E+0001
 4.957100E+0001 -2.081682E+0001
 4.968100E+0001 -1.034955E+0001
 4.989900E+0001  4.159440E+0000
 5.002400E+0001  1.107549E+0001
 5.014900E+0001  1.534284E+0001
 5.025900E+0001  1.651023E+0001
 5.038500E+0001  1.670643E+0001
 5.051000E+0001  1.676529E+0001
 5.074300E+0001  1.682415E+0001
 5.097800E+0001  1.688301E+0001
 5.122900E+0001  1.686339E+0001
 5.146200E+0001  1.694187E+0001
 5.169700E+0001  1.700073E+0001
 5.194700E+0001  1.698111E+0001
 5.218200E+0001  1.703997E+0001
 5.241500E+0001  1.750104E+0001
 5.253400E+0001  2.087568E+0001
 5.265900E+0001  2.373039E+0001
 5.278400E+0001  2.736990E+0001
 5.289400E+0001  3.053853E+0001
 5.301900E+0001  3.179421E+0001
 5.320700E+0001  2.190573E+0001
 5.333200E+0001  1.324350E+0001
 5.345700E+0001  6.190110E+0000
 5.356500E+0001  2.825280E+0000
 5.369000E+0001  1.432260E+0000
 5.381600E+0001  9.319500E-0001
 5.392500E+0001  7.553700E-0001
 5.405000E+0001  7.063200E-0001
 5.429900E+0001  6.965100E-0001
 5.453400E+0001  6.867000E-0001
 5.476900E+0001  6.867000E-0001
 5.501000E+0001  6.867000E-0001
 5.549600E+0001  6.867000E-0001
 5.597900E+0001  6.768900E-0001
 5.644900E+0001  6.768900E-0001
 5.693300E+0001  6.768900E-0001
 5.741200E+0001  6.768900E-0001
 5.789600E+0001  6.768900E-0001
 5.838100E+0001  6.768900E-0001
 5.884900E+0001  6.768900E-0001
 5.933300E+0001  6.768900E-0001
 5.981800E+0001  6.768900E-0001
 6.028600E+0001  6.768900E-0001
 6.078000E+0001  6.768900E-0001
 6.124800E+0001  6.768900E-0001
 6.173200E+0001  6.768900E-0001
 6.222000E+0001  6.670800E-0001
 6.268900E+0001  6.670800E-0001
 6.317500E+0001  6.670800E-0001
 6.365800E+0001  6.670800E-0001
 6.414000E+0001  6.670800E-0001
 6.460900E+0001  6.670800E-0001
 6.509400E+0001  6.670800E-0001
 6.557800E+0001  6.670800E-0001
 6.604700E+0001  6.670800E-0001
 6.653200E+0001  6.670800E-0001
 6.701600E+0001  6.670800E-0001
 6.749400E+0001  6.572700E-0001
 6.797800E+0001  6.572700E-0001
 6.844800E+0001  6.572700E-0001
 6.893100E+0001  6.572700E-0001
 6.941800E+0001  6.572700E-0001
 6.988600E+0001  6.572700E-0001
 7.037100E+0001  6.572700E-0001
 7.085500E+0001  6.572700E-0001
 7.132700E+0001  6.572700E-0001
 7.181200E+0001  6.572700E-0001
 7.228900E+0001  6.572700E-0001
 7.277400E+0001  6.572700E-0001
 7.325800E+0001  6.572700E-0001
 7.372600E+0001  6.474600E-0001
 7.421200E+0001  6.474600E-0001
 7.469500E+0001  6.474600E-0001
 7.518000E+0001  6.474600E-0001
 7.564900E+0001  6.474600E-0001
 7.613200E+0001  6.474600E-0001
 7.661800E+0001  6.376500E-0001
 7.708700E+0001  6.376500E-0001
 7.757200E+0001  7.553700E-0001
 7.777500E+0001  1.135017E+0001
 7.790000E+0001  1.458747E+0001
 7.800800E+0001  1.446975E+0001
 7.821800E+0001  4.110390E+0000
 7.834300E+0001 -4.355640E+0000
 7.846800E+0001 -1.278243E+0001
 7.857800E+0001 -1.968867E+0001
 7.870300E+0001 -2.617308E+0001
 7.882800E+0001 -3.230433E+0001
 7.893700E+0001 -3.769002E+0001
 7.906200E+0001 -4.186908E+0001
 7.918700E+0001 -4.453740E+0001
 7.929700E+0001 -4.598928E+0001
 7.942200E+0001 -4.666617E+0001
 7.954700E+0001 -4.693104E+0001
 7.967200E+0001 -4.705857E+0001
 7.978100E+0001 -4.706838E+0001
 8.003100E+0001 -4.706838E+0001
 8.026600E+0001 -4.705857E+0001
 8.051600E+0001 -4.705857E+0001
 8.074900E+0001 -4.708800E+0001
 8.098500E+0001 -4.711743E+0001
 8.123300E+0001 -4.716648E+0001
 8.146800E+0001 -4.722534E+0001
 8.170300E+0001 -4.729401E+0001
 8.195800E+0001 -4.733325E+0001
 8.219100E+0001 -4.737249E+0001
 8.242600E+0001 -4.737249E+0001
 8.267600E+0001 -4.738230E+0001
 8.291100E+0001 -4.737249E+0001
 8.316000E+0001 -4.737249E+0001
 8.363000E+0001 -4.735287E+0001
 8.411300E+0001 -4.735287E+0001
 8.459700E+0001 -4.733325E+0001
 8.483200E+0001 -4.732344E+0001
 8.507500E+0001 -4.732344E+0001
 8.532500E+0001 -4.732344E+0001
 8.555900E+0001 -4.732344E+0001
 8.604400E+0001 -4.730382E+0001
 8.652700E+0001 -4.730382E+0001
 8.700700E+0001 -4.711743E+0001
 8.711700E+0001 -4.299723E+0001
 8.724200E+0001 -4.445892E+0001
 8.736700E+0001 -4.602852E+0001
 8.755500E+0001  1.304730E+0000
 8.768000E+0001  3.214737E+0001
 8.780500E+0001  1.273338E+0001
 8.793000E+0001 -1.072233E+0001
 8.808600E+0001 -3.350115E+0001
 8.821100E+0001 -4.254597E+0001
 8.832100E+0001 -4.594023E+0001
 8.844600E+0001 -4.678389E+0001
 8.857200E+0001 -4.705857E+0001
 8.868200E+0001 -4.716648E+0001
 8.880700E+0001 -4.717629E+0001
 8.904000E+0001 -4.719591E+0001
 8.929100E+0001 -4.719591E+0001
 8.952600E+0001 -4.719591E+0001
 8.977600E+0001 -4.719591E+0001
 9.024400E+0001 -4.719591E+0001
 9.072800E+0001 -4.717629E+0001
 9.121400E+0001 -4.717629E+0001
 9.170000E+0001 -4.717629E+0001
 9.216800E+0001 -4.714686E+0001
 9.241800E+0001 -4.708800E+0001
 9.265100E+0001 -4.703895E+0001
 9.290200E+0001 -4.694085E+0001
 9.313700E+0001 -4.622472E+0001
 9.332300E+0001 -3.368754E+0001
 9.344800E+0001 -2.664396E+0001
 9.357300E+0001 -2.074815E+0001
 9.368300E+0001 -1.901178E+0001
 9.380800E+0001 -1.881558E+0001
 9.393300E+0001 -1.903140E+0001
 9.404200E+0001 -1.916874E+0001
 9.416900E+0001 -1.924722E+0001
 9.440200E+0001 -1.932570E+0001
 9.465200E+0001 -1.942380E+0001
 9.488800E+0001 -1.932570E+0001
 9.513800E+0001 -1.926684E+0001
 9.537100E+0001 -1.922760E+0001
 9.560600E+0001 -1.912950E+0001
 9.585500E+0001 -1.910988E+0001
 9.609000E+0001 -1.916874E+0001
 9.632500E+0001 -1.920798E+0001
 9.657500E+0001 -1.924722E+0001
 9.680800E+0001 -1.934532E+0001
 9.705900E+0001 -1.934532E+0001
 9.729400E+0001 -1.909026E+0001
 9.741900E+0001 -1.794249E+0001
 9.752700E+0001 -1.753047E+0001
 9.765200E+0001 -1.708902E+0001
 9.777700E+0001 -1.673586E+0001
 9.788800E+0001 -1.515645E+0001
 9.801300E+0001 -1.007487E+0001
 9.820000E+0001  2.727180E+0000
 9.832400E+0001  1.223307E+0001
 9.844900E+0001  1.981620E+0001
 9.855900E+0001  2.430918E+0001
 9.868400E+0001  2.772306E+0001
 9.880900E+0001  3.066606E+0001
 9.891900E+0001  3.301065E+0001
 9.904400E+0001  3.294198E+0001
 9.923000E+0001  3.041100E+0001
 9.935500E+0001  1.613745E+0001
 9.948000E+0001  8.995770E+0000
 9.959000E+0001  2.943000E+0000
 9.971600E+0001  1.520550E+0000
 9.982500E+0001  9.908100E-0001
 9.994900E+0001  8.240400E-0001
 1.000740E+0002  7.749900E-0001
 1.003090E+0002  7.455600E-0001
 1.005590E+0002  7.455600E-0001
 1.007940E+0002  7.455600E-0001
 1.010270E+0002  7.455600E-0001
 1.015130E+0002  7.357500E-0001
 1.019970E+0002  7.357500E-0001
 1.024720E+0002  7.357500E-0001
 1.029560E+0002  7.357500E-0001
 1.034410E+0002  7.357500E-0001
 1.039090E+0002  7.357500E-0001
 1.043950E+0002  7.357500E-0001
 1.048780E+0002  7.259400E-0001
 1.053470E+0002  7.259400E-0001
 1.058400E+0002  7.259400E-0001
 1.063090E+0002  7.259400E-0001
 1.067940E+0002  7.259400E-0001
 1.072780E+0002  7.259400E-0001
 1.077480E+0002  7.259400E-0001
 1.082320E+0002  7.259400E-0001
 1.087170E+0002  7.259400E-0001
 1.092010E+0002  7.259400E-0001
 1.096700E+0002  7.161300E-0001
 1.101550E+0002  7.161300E-0001
 1.106380E+0002  7.161300E-0001
 1.111070E+0002  7.161300E-0001
 1.115920E+0002  7.161300E-0001
 1.120760E+0002  7.161300E-0001
 1.125610E+0002  7.161300E-0001
 1.130290E+0002  7.161300E-0001
 1.135220E+0002  7.161300E-0001
 1.139900E+0002  7.161300E-0001
 1.144750E+0002  7.161300E-0001
 1.149600E+0002  7.161300E-0001
 1.154280E+0002  7.161300E-0001
 1.159140E+0002  7.161300E-0001
 1.163970E+0002  7.161300E-0001
 1.168810E+0002  7.161300E-0001
 1.173510E+0002  7.161300E-0001
 1.178370E+0002  7.161300E-0001
 1.183210E+0002  7.161300E-0001
 1.187890E+0002  7.161300E-0001
 1.192730E+0002  7.063200E-0001
 1.197580E+0002  7.063200E-0001
 1.202260E+0002  7.063200E-0001
 1.207120E+0002  7.063200E-0001
 1.211950E+0002  7.063200E-0001
 1.216790E+0002  7.063200E-0001
 1.221490E+0002  7.063200E-0001
 1.226320E+0002  7.063200E-0001
 1.231180E+0002  7.063200E-0001
 1.235860E+0002  7.063200E-0001
 1.240700E+0002  7.063200E-0001
 1.245550E+0002  7.063200E-0001
 1.250390E+0002  7.063200E-0001
 1.255070E+0002  7.063200E-0001
 1.259930E+0002  7.063200E-0001
 1.264760E+0002  7.063200E-0001
 1.269610E+0002  7.063200E-0001
 1.274300E+0002  6.965100E-0001
 1.279140E+0002  6.965100E-0001
 1.283990E+0002  6.965100E-0001
 1.288670E+0002  6.965100E-0001
 1.293540E+0002  6.965100E-0001
 1.298370E+0002  6.965100E-0001
 1.303230E+0002  6.965100E-0001
 1.307910E+0002  6.965100E-0001
 1.312750E+0002  6.965100E-0001
 1.317600E+0002  6.965100E-0001
 1.322280E+0002  6.965100E-0001
 1.327120E+0002  6.965100E-0001
 1.331970E+0002  6.965100E-0001
 1.336810E+0002  6.965100E-0001
 1.341520E+0002  6.965100E-0001
 1.346370E+0002  6.965100E-0001
 1.351140E+0002  6.965100E-0001
 1.355970E+0002  6.965100E-0001
 1.360670E+0002  6.867000E-0001
 1.365510E+0002  6.867000E-0001
 1.370360E+0002  6.867000E-0001
 1.375200E+0002  6.867000E-0001
 1.379880E+0002  6.867000E-0001
 1.384780E+0002  6.867000E-0001
 1.389470E+0002  6.867000E-0001
 1.394320E+0002  6.867000E-0001
 1.399150E+0002  6.867000E-0001
 1.404010E+0002  6.867000E-0001
 1.408690E+0002  6.867000E-0001
 1.413530E+0002  6.867000E-0001
 1.418380E+0002  6.867000E-0001
 1.423210E+0002  6.867000E-0001
 1.428000E+0002  6.867000E-0001
 1.432750E+0002  6.867000E-0001
 1.437580E+0002  6.867000E-0001
 1.442440E+0002  6.867000E-0001
 1.447120E+0002  6.867000E-0001
 1.451960E+0002  6.867000E-0001
 1.456810E+0002  6.867000E-0001
 1.461500E+0002  6.867000E-0001
 1.466330E+0002  6.867000E-0001
 1.471190E+0002  6.867000E-0001
 1.475870E+0002  6.867000E-0001
 1.480670E+0002  6.867000E-0001
 1.485480E+0002  6.867000E-0001
 1.490320E+0002  6.867000E-0001
 1.495170E+0002  6.867000E-0001
 1.500020E+0002  6.867000E-0001
 1.504720E+0002  6.867000E-0001
 1.509560E+0002  6.867000E-0001
 1.514420E+0002  6.867000E-0001
 1.519100E+0002  6.867000E-0001
 1.523960E+0002  6.867000E-0001
 1.528800E+0002  6.867000E-0001
 1.533550E+0002  6.867000E-0001
 1.538410E+0002  6.867000E-0001
 1.543090E+0002  6.867000E-0001
 1.547940E+0002  6.867000E-0001
 1.552780E+0002  6.867000E-0001
 1.557460E+0002  6.867000E-0001
 1.562320E+0002  6.867000E-0001
 1.567150E+0002  6.867000E-0001
 1.572000E+0002  6.867000E-0001
 1.576690E+0002  6.867000E-0001
 1.581530E+0002  6.867000E-0001
 1.586380E+0002  6.867000E-0001
 1.591210E+0002  6.867000E-0001
 1.595920E+0002  6.867000E-0001
 1.600790E+0002  6.867000E-0001
 1.605480E+0002  6.867000E-0001
 1.610330E+0002  6.867000E-0001
 1.615200E+0002  6.867000E-0001
 1.619880E+0002  6.867000E-0001
 1.624720E+0002  6.867000E-0001
 1.629570E+0002  6.867000E-0001
 1.634350E+0002  6.867000E-0001
 1.639190E+0002  6.867000E-0001
 1.643870E+0002  6.867000E-0001
 1.648730E+0002  6.867000E-0001
 1.653560E+0002  6.867000E-0001
 1.658390E+0002  6.867000E-0001
 1.663080E+0002  6.867000E-0001
 1.667930E+0002  6.867000E-0001
 1.672770E+0002  6.768900E-0001
 1.677620E+0002  6.768900E-0001
 1.682300E+0002  6.768900E-0001
 1.687160E+0002  6.768900E-0001
 1.692000E+0002  6.768900E-0001
 1.696680E+0002  6.768900E-0001
 1.701530E+0002  6.768900E-0001
 1.706380E+0002  6.768900E-0001
 1.711080E+0002  6.768900E-0001
 1.715910E+0002  6.768900E-0001
 1.720810E+0002  6.768900E-0001
 1.725500E+0002  6.768900E-0001
 1.730350E+0002  6.768900E-0001
 1.735190E+0002  6.768900E-0001
 1.739870E+0002  6.768900E-0001
 1.744730E+0002  6.768900E-0001
 1.749560E+0002  6.768900E-0001
 1.754410E+0002  6.768900E-0001
 1.759100E+0002  6.768900E-0001
 1.763940E+0002  6.768900E-0001
 1.768790E+0002  6.768900E-0001
 1.773470E+0002  6.768900E-0001
 1.778310E+0002  6.768900E-0001
 1.783160E+0002  6.768900E-0001
 1.788000E+0002  6.768900E-0001
 1.792700E+0002  6.670800E-0001
 1.797530E+0002  6.670800E-0001
 1.802370E+0002  6.670800E-0001
 1.807070E+0002  6.670800E-0001
 1.811950E+0002  6.670800E-0001
 1.816810E+0002  6.670800E-0001
 1.821490E+0002  6.670800E-0001
 1.826340E+0002  6.670800E-0001
 1.831180E+0002  6.670800E-0001
 1.836030E+0002  6.670800E-0001
 1.840710E+0002  6.670800E-0001
 1.845550E+0002  6.670800E-0001
 1.850400E+0002  6.670800E-0001
 1.855090E+0002  6.670800E-0001
 1.859920E+0002  6.670800E-0001
 1.864780E+0002  6.670800E-0001
 1.869610E+0002  6.670800E-0001
 1.874300E+0002  6.670800E-0001
 1.879150E+0002  6.670800E-0001
 1.883860E+0002  6.670800E-0001
 1.888710E+0002  6.670800E-0001
 1.893560E+0002  6.670800E-0001
 1.898400E+0002  6.670800E-0001
 1.903100E+0002  6.670800E-0001
 1.907940E+0002  6.670800E-0001
 1.912770E+0002  6.670800E-0001
 1.917470E+0002  6.670800E-0001
 1.922310E+0002  6.670800E-0001
 1.927160E+0002  6.670800E-0001
 1.932000E+0002  6.572700E-0001
 1.936680E+0002  6.572700E-0001
 1.941530E+0002  6.572700E-0001
 1.946370E+0002  6.572700E-0001
 1.951060E+0002  6.474600E-0001
 1.955920E+0002  6.474600E-0001
 1.960810E+0002  6.474600E-0001
 1.965500E+0002  6.376500E-0001
 1.970330E+0002  6.376500E-0001
 1.975180E+0002  6.278400E-0001
 1.979870E+0002  6.180300E-0001
 1.984700E+0002  5.984100E-0001
 1.989600E+0002  5.984100E-0001
 1.994300E+0002  5.984100E-0001
 1.999140E+0002  5.984100E-0001
 2.003970E+0002  6.180300E-0001
 2.008670E+0002  6.278400E-0001
 2.013510E+0002  6.278400E-0001
 2.018350E+0002  6.376500E-0001
 2.023200E+0002  6.376500E-0001
 2.027880E+0002  6.376500E-0001
 2.032720E+0002  6.376500E-0001
 2.037570E+0002  6.376500E-0001
 2.042410E+0002  6.376500E-0001
 2.047190E+0002  6.376500E-0001
 2.051870E+0002  6.376500E-0001
 2.056730E+0002  6.376500E-0001
 2.061560E+0002  6.376500E-0001
 2.066430E+0002  6.376500E-0001
 2.072210E+0002  2.982240E+0000
 2.073460E+0002  1.148751E+0001
 2.074540E+0002  1.267452E+0001
 2.075790E+0002  1.119321E+0001
 2.077050E+0002  5.483790E+0000
 2.078140E+0002 -6.474600E-0001
 2.079400E+0002 -6.513840E+0000
 2.080650E+0002 -1.159542E+0001
 2.081900E+0002 -1.592163E+0001
 2.082980E+0002 -2.043423E+0001
 2.084230E+0002 -2.349495E+0001
 2.085480E+0002 -2.331837E+0001
 2.086580E+0002 -2.126808E+0001
 2.087840E+0002 -1.926684E+0001
 2.089090E+0002 -1.800135E+0001
 2.090170E+0002 -1.749123E+0001
 2.091420E+0002 -1.731465E+0001
 2.092670E+0002 -1.727541E+0001
 2.095020E+0002 -1.727541E+0001
 2.097370E+0002 -1.727541E+0001
 2.099780E+0002 -1.725579E+0001
 2.102280E+0002 -1.725579E+0001
 2.107110E+0002 -1.725579E+0001
 2.111800E+0002 -1.725579E+0001
 2.116590E+0002 -1.727541E+0001
 2.121480E+0002 -1.727541E+0001
 2.126340E+0002 -1.727541E+0001
 2.131020E+0002 -1.727541E+0001
 2.135930E+0002 -1.727541E+0001
 2.140760E+0002 -1.729503E+0001
 2.145460E+0002 -1.729503E+0001
 2.150260E+0002 -1.729503E+0001
 2.155090E+0002 -1.729503E+0001
 2.159950E+0002 -1.727541E+0001
 2.162280E+0002 -1.715769E+0001
 2.163530E+0002 -1.539189E+0001
 2.164630E+0002 -1.153656E+0001
 2.165880E+0002 -5.111010E+0000
 2.167130E+0002  2.324970E+0000
 2.168230E+0002  9.505890E+0000
 2.169470E+0002  1.542132E+0001
 2.170720E+0002  1.984563E+0001
 2.171820E+0002  2.314179E+0001
 2.173070E+0002  2.579049E+0001
 2.174320E+0002  2.798793E+0001
 2.175420E+0002  2.994012E+0001
 2.176670E+0002  3.178440E+0001
 2.177910E+0002  3.338343E+0001
 2.179000E+0002  3.449196E+0001
 2.180260E+0002  3.472740E+0001
 2.181510E+0002  3.388374E+0001
 2.182610E+0002  3.021480E+0001
 2.184340E+0002  1.818774E+0001
 2.185570E+0002  9.986580E+0000
 2.186670E+0002  4.188870E+0000
 2.187920E+0002  1.893330E+0000
 2.189180E+0002  1.020240E+0000
 2.190270E+0002  7.259400E-0001
 2.191520E+0002  6.376500E-0001
 2.192760E+0002  5.886000E-0001
 2.195110E+0002  5.787900E-0001
 2.197510E+0002  5.787900E-0001
 2.199860E+0002  5.787900E-0001
 2.202390E+0002  5.787900E-0001
 2.207230E+0002  5.787900E-0001
 2.211910E+0002  5.787900E-0001
 2.216750E+0002  5.787900E-0001
 2.221600E+0002  5.787900E-0001
 2.226280E+0002  5.787900E-0001
 2.231120E+0002  5.787900E-0001
 2.235970E+0002  5.787900E-0001
 2.240810E+0002  5.787900E-0001
 2.245510E+0002  5.787900E-0001
 2.250530E+0002  3.305970E+0000
 2.251630E+0002  1.481310E+0001
 2.252880E+0002  1.919817E+0001
 2.254130E+0002  2.250414E+0001
 2.255210E+0002  2.119941E+0001
 2.256460E+0002  1.847223E+0001
 2.257710E+0002  1.448937E+0001
 2.258820E+0002  8.976150E+0000
 2.260070E+0002  2.275920E+0000
 2.262400E+0002 -9.564750E+0000
 2.263500E+0002 -1.574505E+0001
 2.264750E+0002 -1.835451E+0001
 2.266010E+0002 -1.823679E+0001
 2.267100E+0002 -1.768743E+0001
 2.268340E+0002 -1.739313E+0001
 2.269590E+0002 -1.733427E+0001
 2.271940E+0002 -1.731465E+0001
 2.274440E+0002 -1.733427E+0001
 2.276790E+0002 -1.733427E+0001
 2.279130E+0002 -1.733427E+0001
 2.283980E+0002 -1.733427E+0001
 2.288820E+0002 -1.733427E+0001
 2.293670E+0002 -1.733427E+0001
 2.298350E+0002 -1.733427E+0001
 2.303190E+0002 -1.733427E+0001
 2.308050E+0002 -1.735389E+0001
 2.312730E+0002 -1.735389E+0001
 2.317570E+0002 -1.727541E+0001
 2.318820E+0002 -1.600992E+0001
 2.319920E+0002 -1.309635E+0001
 2.321170E+0002 -7.514460E+0000
 2.322420E+0002 -3.139200E-0001
 2.323520E+0002  7.288830E+0000
 2.324770E+0002  1.384191E+0001
 2.326010E+0002  1.864881E+0001
 2.327260E+0002  2.207250E+0001
 2.328360E+0002  2.479968E+0001
 2.329610E+0002  2.705598E+0001
 2.330860E+0002  2.917494E+0001
 2.331960E+0002  3.127428E+0001
 2.333210E+0002  3.309894E+0001
 2.334290E+0002  3.416823E+0001
 2.335650E+0002  3.397203E+0001
 2.337680E+0002  2.408355E+0001
 2.338930E+0002  1.489158E+0001
 2.340180E+0002  7.269210E+0000
 2.341280E+0002  3.374640E+0000
 2.342530E+0002  1.667700E+0000
 2.343610E+0002  1.010430E+0000
 2.344860E+0002  8.044200E-0001
 2.346120E+0002  7.357500E-0001
 2.348450E+0002  7.161300E-0001
 2.350950E+0002  7.161300E-0001
 2.353300E+0002  7.063200E-0001
 2.355810E+0002  7.063200E-0001
 2.360490E+0002  6.965100E-0001
 2.365280E+0002  6.965100E-0001
 2.370140E+0002  6.965100E-0001
 2.374970E+0002  6.965100E-0001
 2.379660E+0002  6.965100E-0001
 2.384510E+0002  6.867000E-0001
 2.389350E+0002  6.867000E-0001
 2.394200E+0002  6.867000E-0001
 2.398890E+0002  6.965100E-0001
 2.401690E+0002  3.247110E+0000
 2.402940E+0002  1.411659E+0001
 2.404040E+0002  1.785420E+0001
 2.405290E+0002  1.982601E+0001
 2.406540E+0002  1.607859E+0001
 2.407630E+0002  1.063404E+0001
 2.408880E+0002  4.130010E+0000
 2.411070E+0002 -8.377740E+0000
 2.412310E+0002 -1.501911E+0001
 2.413410E+0002 -1.806021E+0001
 2.414660E+0002 -1.809945E+0001
 2.417010E+0002 -1.782477E+0001
 2.418270E+0002 -1.743237E+0001
 2.419520E+0002 -1.737351E+0001
 2.421850E+0002 -1.731465E+0001
 2.424200E+0002 -1.733427E+0001
 2.426710E+0002 -1.733427E+0001
 2.429040E+0002 -1.733427E+0001
 2.431540E+0002 -1.735389E+0001
 2.436240E+0002 -1.735389E+0001
 2.441080E+0002 -1.735389E+0001
 2.445930E+0002 -1.735389E+0001
 2.450630E+0002 -1.735389E+0001
 2.455480E+0002 -1.735389E+0001
 2.460350E+0002 -1.735389E+0001
 2.465190E+0002 -1.733427E+0001
 2.469890E+0002 -1.731465E+0001
 2.472390E+0002 -1.723617E+0001
 2.474720E+0002 -1.673586E+0001
 2.475980E+0002 -1.031031E+0001
 2.478180E+0002  1.226250E+0000
 2.479410E+0002  9.741330E+0000
 2.480660E+0002  1.627479E+0001
 2.481760E+0002  2.032632E+0001
 2.483010E+0002  2.342628E+0001
 2.484110E+0002  2.607498E+0001
 2.485360E+0002  2.859615E+0001
 2.486600E+0002  3.094074E+0001
 2.487850E+0002  3.297141E+0001
 2.488950E+0002  3.386412E+0001
 2.491300E+0002  2.409336E+0001
 2.492380E+0002  1.495044E+0001
 2.493660E+0002  7.249590E+0000
 2.494740E+0002  3.364830E+0000
 2.495990E+0002  1.667700E+0000
 2.497240E+0002  1.030050E+0000
 2.498490E+0002  8.240400E-0001
 2.499600E+0002  7.553700E-0001
 2.502090E+0002  7.357500E-0001
 2.504430E+0002  7.259400E-0001
 2.506780E+0002  7.259400E-0001
 2.509290E+0002  7.259400E-0001
 2.514140E+0002  7.161300E-0001
 2.518820E+0002  7.161300E-0001
 2.523670E+0002  7.161300E-0001
 2.528520E+0002  7.161300E-0001
 2.533200E+0002  7.161300E-0001
 2.538060E+0002  7.161300E-0001
 2.542890E+0002  7.161300E-0001
 2.547580E+0002  7.161300E-0001
 2.552430E+0002  7.161300E-0001
 2.557270E+0002  8.436600E-0001
 2.559450E+0002  1.199763E+0001
 2.560550E+0002  1.828584E+0001
 2.561800E+0002  2.305350E+0001
 2.563050E+0002  2.397564E+0001
 2.564150E+0002  2.328894E+0001
 2.565400E+0002  2.159181E+0001
 2.566650E+0002  1.839375E+0001
 2.567730E+0002  1.330236E+0001
 2.570080E+0002  2.344590E+0000
 2.571340E+0002 -6.082200E+0000
 2.572420E+0002 -1.361628E+0001
 2.573670E+0002 -1.788363E+0001
 2.574920E+0002 -1.901178E+0001
 2.576020E+0002 -1.850166E+0001
 2.577270E+0002 -1.770705E+0001
 2.578520E+0002 -1.717731E+0001
 2.579770E+0002 -1.697130E+0001
 2.580860E+0002 -1.689282E+0001
 2.583360E+0002 -1.687320E+0001
 2.585710E+0002 -1.687320E+0001
 2.588040E+0002 -1.687320E+0001
 2.590540E+0002 -1.687320E+0001
 2.595400E+0002 -1.687320E+0001
 2.600080E+0002 -1.687320E+0001
 2.604950E+0002 -1.689282E+0001
 2.609780E+0002 -1.689282E+0001
 2.614470E+0002 -1.687320E+0001
 2.616970E+0002 -1.677510E+0001
 2.618070E+0002 -1.507797E+0001
 2.619330E+0002 -1.194858E+0001
 2.620580E+0002 -6.984720E+0000
 2.621680E+0002 -1.196820E+0000
 2.622930E+0002  4.787280E+0000
 2.624180E+0002  1.030050E+0001
 2.625280E+0002  1.483272E+0001
 2.626520E+0002  1.843299E+0001
 2.627770E+0002  2.124846E+0001
 2.628870E+0002  2.341647E+0001
 2.630120E+0002  2.516265E+0001
 2.631370E+0002  2.669301E+0001
 2.632450E+0002  2.803698E+0001
 2.633700E+0002  2.945943E+0001
 2.634950E+0002  3.097998E+0001
 2.636050E+0002  3.242205E+0001
 2.637300E+0002  3.365811E+0001
 2.638560E+0002  3.452139E+0001
 2.639650E+0002  3.504132E+0001
 2.640890E+0002  3.519828E+0001
 2.642140E+0002  3.499227E+0001
 2.643240E+0002  3.377583E+0001
 2.645270E+0002  2.308293E+0001
 2.646560E+0002  1.405773E+0001
 2.647660E+0002  6.719850E+0000
 2.648910E+0002  3.109770E+0000
 2.650160E+0002  1.510740E+0000
 2.651260E+0002  9.319500E-0001
 2.652510E+0002  7.259400E-0001
 2.653750E+0002  6.867000E-0001
 2.656100E+0002  6.670800E-0001
 2.658600E+0002  6.572700E-0001
 2.660930E+0002  6.474600E-0001
 2.663280E+0002  6.474600E-0001
 2.668190E+0002  6.474600E-0001
 2.672870E+0002  6.376500E-0001
 2.677730E+0002  6.376500E-0001
 2.682590E+0002  6.376500E-0001
 2.687270E+0002  6.376500E-0001
 2.692130E+0002  6.376500E-0001
 2.696960E+0002  6.376500E-0001
 2.701760E+0002  6.376500E-0001
 2.705820E+0002  3.070530E+0000
 2.707070E+0002  1.411659E+0001
 2.708170E+0002  1.892349E+0001
 2.709420E+0002  2.230794E+0001
 2.710670E+0002  2.092473E+0001
 2.711770E+0002  1.822698E+0001
 2.713020E+0002  1.468557E+0001
 2.714270E+0002  1.059480E+0001
 2.715360E+0002  6.317640E+0000
 2.716610E+0002  1.422450E+0000
 2.717860E+0002 -4.080960E+0000
 2.718960E+0002 -9.937530E+0000
 2.720210E+0002 -1.548999E+0001
 2.721470E+0002 -1.881558E+0001
 2.722580E+0002 -1.920798E+0001
 2.723830E+0002 -1.848204E+0001
 2.725080E+0002 -1.766781E+0001
 2.726180E+0002 -1.725579E+0001
 2.727430E+0002 -1.712826E+0001
 2.728680E+0002 -1.710864E+0001
 2.731020E+0002 -1.712826E+0001
 2.733370E+0002 -1.712826E+0001
 2.735870E+0002 -1.712826E+0001
 2.738200E+0002 -1.712826E+0001
 2.742990E+0002 -1.712826E+0001
 2.747840E+0002 -1.712826E+0001
 2.752710E+0002 -1.712826E+0001
 2.757540E+0002 -1.712826E+0001
 2.762230E+0002 -1.712826E+0001
 2.767080E+0002 -1.706940E+0001
 2.769410E+0002 -1.646118E+0001
 2.770660E+0002 -9.035010E+0000
 2.772850E+0002  2.462310E+0000
 2.774100E+0002  1.051632E+0001
 2.775350E+0002  1.621593E+0001
 2.776450E+0002  1.935513E+0001
 2.777700E+0002  2.174877E+0001
 2.778950E+0002  2.365191E+0001
 2.780050E+0002  2.528037E+0001
 2.781320E+0002  2.681073E+0001
 2.782570E+0002  2.815470E+0001
 2.783670E+0002  2.945943E+0001
 2.784920E+0002  3.092112E+0001
 2.786170E+0002  3.228471E+0001
 2.787270E+0002  3.346191E+0001
 2.788510E+0002  3.429576E+0001
 2.789760E+0002  3.475683E+0001
 2.790860E+0002  3.464892E+0001
 2.792110E+0002  3.349134E+0001
 2.793360E+0002  3.055815E+0001
 2.795070E+0002  1.810926E+0001
 2.796320E+0002  9.986580E+0000
 2.797570E+0002  4.100580E+0000
 2.798710E+0002  1.844280E+0000
 2.799960E+0002  9.908100E-0001
 2.801060E+0002  6.867000E-0001
 2.802320E+0002  5.886000E-0001
 2.804650E+0002  5.689800E-0001
 2.807000E+0002  5.689800E-0001
 2.809500E+0002  5.591700E-0001
 2.811850E+0002  5.591700E-0001
 2.814340E+0002  5.493600E-0001
 2.819040E+0002  5.493600E-0001
 2.823840E+0002  5.493600E-0001
 2.828690E+0002  5.493600E-0001
 2.833530E+0002  5.493600E-0001
 2.838380E+0002  5.493600E-0001
 2.843060E+0002  5.493600E-0001
 2.847900E+0002  5.493600E-0001
 2.852740E+0002  5.493600E-0001
 2.857440E+0002  5.493600E-0001
 2.860720E+0002  3.021480E+0000
 2.861970E+0002  1.431279E+0001
 2.863050E+0002  1.894311E+0001
 2.864300E+0002  2.205288E+0001
 2.865550E+0002  2.063043E+0001
 2.866660E+0002  1.726560E+0001
 2.867910E+0002  1.182105E+0001
 2.870090E+0002  9.417600E-0001
 2.871340E+0002 -7.435980E+0000
 2.872590E+0002 -1.444032E+0001
 2.873690E+0002 -1.806021E+0001
 2.874940E+0002 -1.907064E+0001
 2.876020E+0002 -1.848204E+0001
 2.877270E+0002 -1.768743E+0001
 2.878590E+0002 -1.712826E+0001
 2.879670E+0002 -1.689282E+0001
 2.880920E+0002 -1.683396E+0001
 2.883280E+0002 -1.683396E+0001
 2.885780E+0002 -1.685358E+0001
 2.888110E+0002 -1.689282E+0001
 2.890460E+0002 -1.693206E+0001
 2.892960E+0002 -1.697130E+0001
 2.895300E+0002 -1.701054E+0001
 2.897800E+0002 -1.703016E+0001
 2.900150E+0002 -1.704978E+0001
 2.902480E+0002 -1.704978E+0001
 2.904980E+0002 -1.704978E+0001
 2.907340E+0002 -1.704978E+0001
 2.912170E+0002 -1.704978E+0001
 2.917020E+0002 -1.398906E+0001
 2.918260E+0002  1.451880E+0000
 2.919510E+0002  1.081062E+0001
 2.920610E+0002  1.998297E+0001
 2.921860E+0002  2.476044E+0001
 2.923110E+0002  2.846862E+0001
 2.924210E+0002  3.149010E+0001
 2.925460E+0002  3.358944E+0001
 2.926710E+0002  3.413880E+0001
 2.928760E+0002  2.377944E+0001
 2.930010E+0002  1.454823E+0001
 2.931260E+0002  6.945480E+0000
 2.932360E+0002  3.188250E+0000
 2.933620E+0002  1.569600E+0000
 2.934720E+0002  9.810000E-0001
 2.935970E+0002  7.946100E-0001
 2.937220E+0002  7.161300E-0001
 2.939660E+0002  6.965100E-0001
 2.941990E+0002  6.867000E-0001
 2.944340E+0002  6.867000E-0001
 2.946840E+0002  6.867000E-0001
 2.951520E+0002  6.867000E-0001
 2.956380E+0002  6.867000E-0001
 2.961240E+0002  6.867000E-0001
 2.965930E+0002  6.867000E-0001
 2.970760E+0002  6.867000E-0001
 2.975620E+0002  6.867000E-0001
 2.980460E+0002  6.867000E-0001
 2.985230E+0002  6.867000E-0001
 2.989440E+0002  3.247110E+0000
 2.990550E+0002  1.378305E+0001
 2.991800E+0002  1.682415E+0001
 2.993050E+0002  1.713807E+0001
 2.995230E+0002  5.101200E+0000
 2.996480E+0002 -5.277780E+0000
 2.997740E+0002 -1.393020E+0001
 2.998840E+0002 -1.710864E+0001
 3.000090E+0002 -1.768743E+0001
 3.001340E+0002 -1.731465E+0001
 3.002440E+0002 -1.699092E+0001
 3.003690E+0002 -1.687320E+0001
 3.004930E+0002 -1.687320E+0001
 3.007280E+0002 -1.687320E+0001
 3.009780E+0002 -1.689282E+0001
 3.012110E+0002 -1.689282E+0001
 3.014460E+0002 -1.689282E+0001
 3.019360E+0002 -1.689282E+0001
 3.024050E+0002 -1.689282E+0001
 3.028900E+0002 -1.689282E+0001
 3.033660E+0002 -1.689282E+0001
 3.038560E+0002 -1.667700E+0001
 3.039640E+0002 -1.104606E+0001
 3.040890E+0002 -4.855950E+0000
 3.042140E+0002  2.678130E+0000
 3.043240E+0002  9.329310E+0000
 3.044490E+0002  1.479348E+0001
 3.045750E+0002  1.900197E+0001
 3.046840E+0002  2.227851E+0001
 3.048080E+0002  2.507436E+0001
 3.049330E+0002  2.752686E+0001
 3.050430E+0002  2.974392E+0001
 3.051680E+0002  3.170592E+0001
 3.052930E+0002  3.329514E+0001
 3.054030E+0002  3.449196E+0001
 3.055280E+0002  3.485493E+0001
 3.056520E+0002  3.364830E+0001
 3.058390E+0002  2.313198E+0001
 3.059640E+0002  1.395963E+0001
 3.060750E+0002  6.651180E+0000
 3.061990E+0002  3.031290E+0000
 3.063250E+0002  1.481310E+0000
 3.064330E+0002  9.025200E-0001
 3.065580E+0002  7.161300E-0001
 3.066830E+0002  6.768900E-0001
 3.069180E+0002  6.572700E-0001
 3.071530E+0002  6.572700E-0001
 3.074040E+0002  6.474600E-0001
 3.076370E+0002  6.474600E-0001
 3.081210E+0002  6.376500E-0001
 3.086060E+0002  6.376500E-0001
 3.090750E+0002  6.376500E-0001
 3.095600E+0002  6.376500E-0001
 3.100280E+0002  7.455600E-0001
 3.102630E+0002  1.178181E+0001
 3.103710E+0002  1.702035E+0001
 3.104960E+0002  2.060100E+0001
 3.106220E+0002  1.969848E+0001
 3.107320E+0002  1.705959E+0001
 3.108570E+0002  1.318464E+0001
 3.110900E+0002  2.060100E+0000
 3.112000E+0002 -5.827140E+0000
 3.113250E+0002 -1.353780E+0001
 3.114500E+0002 -1.755009E+0001
 3.115590E+0002 -1.842318E+0001
 3.116840E+0002 -1.800135E+0001
 3.118090E+0002 -1.731465E+0001
 3.119190E+0002 -1.689282E+0001
 3.120440E+0002 -1.673586E+0001
 3.121690E+0002 -1.669662E+0001
 3.124020E+0002 -1.667700E+0001
 3.126520E+0002 -1.667700E+0001
 3.128880E+0002 -1.667700E+0001
 3.131210E+0002 -1.667700E+0001
 3.136140E+0002 -1.667700E+0001
 3.140820E+0002 -1.667700E+0001
 3.145660E+0002 -1.667700E+0001
 3.150440E+0002 -1.667700E+0001
 3.155270E+0002 -1.667700E+0001
 3.160130E+0002 -1.665738E+0001
 3.162460E+0002 -1.616688E+0001
 3.164340E+0002 -5.464170E+0000
 3.165440E+0002  3.031290E+0000
 3.166690E+0002  1.207611E+0001
 3.167940E+0002  1.812888E+0001
 3.169020E+0002  2.265129E+0001
 3.170270E+0002  2.602593E+0001
 3.171520E+0002  2.883159E+0001
 3.172620E+0002  3.154896E+0001
 3.173870E+0002  3.350115E+0001
 3.175130E+0002  3.180402E+0001
 3.176830E+0002  2.067948E+0001
 3.177930E+0002  1.186029E+0001
 3.179190E+0002  5.326830E+0000
 3.180290E+0002  2.432880E+0000
 3.181540E+0002  1.285110E+0000
 3.182640E+0002  8.730900E-0001
 3.183890E+0002  7.455600E-0001
 3.185140E+0002  7.063200E-0001
 3.187480E+0002  6.965100E-0001
 3.189980E+0002  6.965100E-0001
 3.192330E+0002  6.867000E-0001
 3.194670E+0002  6.867000E-0001
 3.199520E+0002  6.867000E-0001
 3.204350E+0002  6.867000E-0001
 3.209210E+0002  6.867000E-0001
 3.213890E+0002  6.867000E-0001
 3.218730E+0002  6.867000E-0001
 3.223580E+0002  6.867000E-0001
 3.228410E+0002  6.867000E-0001
 3.233100E+0002  6.867000E-0001
 3.237920E+0002  6.867000E-0001
 3.242780E+0002  6.867000E-0001
 3.247470E+0002  6.867000E-0001
 3.251540E+0002  3.070530E+0000
 3.252630E+0002  1.162485E+0001
 3.253880E+0002  1.140903E+0001
 3.255610E+0002  2.295540E+0000
 3.256710E+0002 -8.171730E+0000
 3.257970E+0002 -1.474443E+0001
 3.259250E+0002 -1.701054E+0001
 3.260350E+0002 -1.737351E+0001
 3.261600E+0002 -1.727541E+0001
 3.263940E+0002 -1.721655E+0001
 3.266440E+0002 -1.719693E+0001
 3.268790E+0002 -1.717731E+0001
 3.271280E+0002 -1.717731E+0001
 3.273630E+0002 -1.717731E+0001
 3.275980E+0002 -1.715769E+0001
 3.280840E+0002 -1.715769E+0001
 3.285570E+0002 -1.715769E+0001
 3.290400E+0002 -1.715769E+0001
 3.295260E+0002 -1.710864E+0001
 3.296510E+0002 -1.616688E+0001
 3.297590E+0002 -1.396944E+0001
 3.298860E+0002 -9.476460E+0000
 3.300090E+0002 -4.012290E+0000
 3.301190E+0002  2.040480E+0000
 3.302440E+0002  7.975530E+0000
 3.303690E+0002  1.298844E+0001
 3.304790E+0002  1.722636E+0001
 3.305920E+0002  2.064024E+0001
 3.307170E+0002  2.330856E+0001
 3.308420E+0002  2.570220E+0001
 3.309670E+0002  2.790945E+0001
 3.310770E+0002  2.990088E+0001
 3.312020E+0002  3.183345E+0001
 3.313280E+0002  3.350115E+0001
 3.314370E+0002  3.459987E+0001
 3.315610E+0002  3.421728E+0001
 3.317810E+0002  2.447595E+0001
 3.318890E+0002  1.532322E+0001
 3.320140E+0002  7.583130E+0000
 3.321390E+0002  3.511980E+0000
 3.322490E+0002  1.687320E+0000
 3.323740E+0002  9.908100E-0001
 3.324990E+0002  7.553700E-0001
 3.326090E+0002  6.867000E-0001
 3.328580E+0002  6.670800E-0001
 3.330930E+0002  6.670800E-0001
 3.333430E+0002  6.572700E-0001
 3.335780E+0002  6.572700E-0001
 3.338110E+0002  6.474600E-0001
 3.342950E+0002  6.474600E-0001
 3.347800E+0002  6.474600E-0001
 3.352660E+0002  6.474600E-0001
 3.357340E+0002  6.474600E-0001
 3.362210E+0002  6.474600E-0001
 3.366410E+0002  3.090150E+0000
 3.367520E+0002  1.289034E+0001
 3.368770E+0002  1.473462E+0001
 3.371100E+0002  6.533460E+0000
 3.372200E+0002 -3.129390E+0000
 3.373450E+0002 -1.260585E+0001
 3.374710E+0002 -1.669662E+0001
 3.375800E+0002 -1.770705E+0001
 3.377040E+0002 -1.743237E+0001
 3.378310E+0002 -1.699092E+0001
 3.379390E+0002 -1.677510E+0001
 3.380640E+0002 -1.669662E+0001
 3.382990E+0002 -1.667700E+0001
 3.385500E+0002 -1.665738E+0001
 3.387850E+0002 -1.665738E+0001
 3.390340E+0002 -1.665738E+0001
 3.395040E+0002 -1.667700E+0001
 3.399870E+0002 -1.667700E+0001
 3.402220E+0002 -1.669662E+0001
 3.404710E+0002 -1.671624E+0001
 3.407060E+0002 -1.673586E+0001
 3.409570E+0002 -1.673586E+0001
 3.414250E+0002 -1.675548E+0001
 3.416750E+0002 -1.675548E+0001
 3.419100E+0002 -1.675548E+0001
 3.421430E+0002 -1.675548E+0001
 3.423940E+0002 -1.673586E+0001
 3.428620E+0002 -1.628460E+0001
 3.430350E+0002 -4.855950E+0000
 3.431600E+0002  3.325590E+0000
 3.432850E+0002  1.209573E+0001
 3.433930E+0002  1.789344E+0001
 3.435180E+0002  2.237661E+0001
 3.436430E+0002  2.580030E+0001
 3.437530E+0002  2.883159E+0001
 3.438790E+0002  3.167649E+0001
 3.440040E+0002  3.350115E+0001
 3.441140E+0002  3.175497E+0001
 3.442850E+0002  2.079720E+0001
 3.444100E+0002  1.195839E+0001
 3.445200E+0002  5.434740E+0000
 3.446450E+0002  2.491740E+0000
 3.447700E+0002  1.304730E+0000
 3.448800E+0002  8.632800E-0001
 3.450050E+0002  7.553700E-0001
 3.451290E+0002  7.063200E-0001
 3.453640E+0002  6.965100E-0001
 3.455990E+0002  6.867000E-0001
 3.458490E+0002  6.867000E-0001
 3.460830E+0002  6.867000E-0001
 3.465680E+0002  6.867000E-0001
 3.470370E+0002  6.867000E-0001
 3.475260E+0002  6.867000E-0001
 3.480100E+0002  6.867000E-0001
 3.484780E+0002  6.867000E-0001
 3.489590E+0002  6.867000E-0001
 3.494430E+0002  6.867000E-0001
 3.499270E+0002  6.768900E-0001
 3.503970E+0002  6.768900E-0001
 3.508760E+0002  6.768900E-0001
 3.513600E+0002  6.768900E-0001
 3.518490E+0002  6.768900E-0001
 3.523170E+0002  3.188250E+0000
 3.524280E+0002  1.285110E+0001
 3.525530E+0002  1.448937E+0001
 3.527860E+0002  6.837570E+0000
 3.528960E+0002 -2.972430E+0000
 3.530240E+0002 -1.274319E+0001
 3.531320E+0002 -1.743237E+0001
 3.532570E+0002 -1.844280E+0001
 3.533820E+0002 -1.809945E+0001
 3.535080E+0002 -1.758933E+0001
 3.536170E+0002 -1.735389E+0001
 3.537410E+0002 -1.727541E+0001
 3.539760E+0002 -1.725579E+0001
 3.542260E+0002 -1.727541E+0001
 3.544610E+0002 -1.727541E+0001
 3.546940E+0002 -1.727541E+0001
 3.551810E+0002 -1.727541E+0001
 3.556570E+0002 -1.729503E+0001
 3.561420E+0002 -1.729503E+0001
 3.566260E+0002 -1.729503E+0001
 3.571110E+0002 -1.729503E+0001
 3.575790E+0002 -1.729503E+0001
 3.580590E+0002 -1.727541E+0001
 3.583090E+0002 -1.706940E+0001
 3.584190E+0002 -1.295901E+0001
 3.586370E+0002 -1.245870E+0000
 3.587620E+0002  7.759710E+0000
 3.588880E+0002  1.536246E+0001
 3.589970E+0002  2.006145E+0001
 3.591210E+0002  2.337723E+0001
 3.592460E+0002  2.603574E+0001
 3.593560E+0002  2.847843E+0001
 3.594810E+0002  3.086226E+0001
 3.596060E+0002  3.290274E+0001
 3.597160E+0002  3.392298E+0001
 3.598410E+0002  3.361887E+0001
 3.599660E+0002  3.211794E+0001
 3.601690E+0002  2.091492E+0001
 3.602830E+0002  1.201725E+0001
 3.604070E+0002  5.336640E+0000
 3.605160E+0002  2.295540E+0000
 3.606420E+0002  1.128150E+0000
 3.607520E+0002  7.063200E-0001
 3.608770E+0002  5.689800E-0001
 3.610020E+0002  5.199300E-0001
 3.612350E+0002  5.101200E-0001
 3.614860E+0002  5.003100E-0001
 3.617190E+0002  5.003100E-0001
 3.619540E+0002  5.003100E-0001
 3.624400E+0002  4.905000E-0001
 3.629230E+0002  4.905000E-0001
 3.634080E+0002  4.905000E-0001
 3.638770E+0002  4.905000E-0001
 3.643600E+0002  4.905000E-0001
 3.648490E+0002  4.905000E-0001

