1,0663095E+0	7,8124995E+1	-1,9705856E-1	-1,9864180E-1	-4,1239897E-1	7,8124995E+1	-3,8957226E-1	-3,2326208E-2	-3,2531099E-2	0,0000000E+0	0,0000000E+0
2,8239102E+0	7,8124995E+1	-1,9792469E-1	-1,9955450E-1	-4,1263180E-1	7,8124995E+1	-3,8989822E-1	-3,2521786E-2	-3,7597495E-2	0,0000000E+0	0,0000000E+0
4,5816617E+0	7,8124995E+1	-1,9886532E-1	-2,0029024E-1	-4,1282738E-1	7,8124995E+1	-3,9034525E-1	-3,2475220E-2	-3,9432200E-2	0,0000000E+0	0,0000000E+0
6,3387728E+0	7,8124995E+1	-1,9946137E-1	-2,0110050E-1	-4,1310678E-1	7,8124995E+1	-3,9076435E-1	-3,3117833E-2	-3,9013105E-2	0,0000000E+0	0,0000000E+0
8,0964198E+0	7,8124995E+1	-2,0026231E-1	-2,0186418E-1	-4,1334892E-1	7,8124995E+1	-3,9121138E-1	-3,3574181E-2	-3,9618465E-2	0,0000000E+0	0,0000000E+0
9,8538032E+0	7,8124995E+1	-2,0099805E-1	-2,0276756E-1	-4,1365626E-1	7,8124995E+1	-3,9163048E-1	-3,3555554E-2	-4,0382149E-2	0,0000000E+0	0,0000000E+0
1,1611036E+1	7,8124995E+1	-2,0185487E-1	-2,0352193E-1	-4,1377733E-1	7,8124995E+1	-3,9193782E-1	-3,3732506E-2	-3,4412371E-2	0,0000000E+0	0,0000000E+0
1,3368895E+1	7,8124995E+1	-2,0269306E-1	-2,0435081E-1	-4,1401948E-1	7,8124995E+1	-3,9216133E-1	-3,4039842E-2	-2,9997902E-2	0,0000000E+0	0,0000000E+0
1,5125558E+1	7,8124995E+1	-2,0341949E-1	-2,0521694E-1	-4,1426162E-1	7,8124995E+1	-3,9276669E-1	-3,3965336E-2	-2,2538008E-2	0,0000000E+0	0,0000000E+0
1,6882413E+1	7,8124995E+1	-2,0423905E-1	-2,0599925E-1	-4,1446651E-1	7,8124995E+1	-3,9312991E-1	-3,4114348E-2	-2,1206216E-2	0,0000000E+0	0,0000000E+0
1,8639594E+1	7,8124995E+1	-2,0500274E-1	-2,0694920E-1	-4,1485767E-1	7,8124995E+1	-3,9353969E-1	-3,3145772E-2	-1,9883738E-2	0,0000000E+0	0,0000000E+0
2,0396438E+1	7,8124995E+1	-2,0576642E-1	-2,0783396E-1	-4,1503462E-1	7,8124995E+1	-3,9379115E-1	-3,2894315E-2	-2,0097942E-2	0,0000000E+0	0,0000000E+0
2,2153781E+1	7,8124995E+1	-2,0654873E-1	-2,0856970E-1	-4,1517432E-1	7,8124995E+1	-3,9424750E-1	-3,2596292E-2	-2,0498411E-2	0,0000000E+0	0,0000000E+0
2,3909721E+1	7,8124995E+1	-2,0739624E-1	-2,0933339E-1	-4,1546303E-1	7,8124995E+1	-3,9462002E-1	-3,2205137E-2	-2,2025780E-2	0,0000000E+0	0,0000000E+0
2,5667474E+1	7,8124995E+1	-2,0815992E-1	-2,1022746E-1	-4,1569586E-1	7,8124995E+1	-3,9491805E-1	-2,9643999E-2	-2,3022295E-2	0,0000000E+0	0,0000000E+0
2,7424134E+1	7,8124995E+1	-2,0898880E-1	-2,1100977E-1	-4,1591006E-1	7,8124995E+1	-3,9536508E-1	-2,8600918E-2	-2,3627655E-2	0,0000000E+0	0,0000000E+0
2,9180338E+1	7,8124995E+1	-2,0973386E-1	-2,1161513E-1	-4,1613358E-1	7,8124995E+1	-3,9570036E-1	-2,7948992E-2	-2,4531038E-2	0,0000000E+0	0,0000000E+0
3,0936464E+1	7,8124995E+1	-2,1033922E-1	-2,1234156E-1	-4,1634778E-1	7,8124995E+1	-3,9585868E-1	-2,8153883E-2	-2,4922194E-2	0,0000000E+0	0,0000000E+0
3,2694141E+1	7,8124995E+1	-2,1114947E-1	-2,1297486E-1	-4,1654336E-1	7,8124995E+1	-3,9624984E-1	-2,9494988E-2	-2,5276096E-2	0,0000000E+0	0,0000000E+0
3,4450421E+1	7,8124995E+1	-2,1175483E-1	-2,1355228E-1	-4,1673894E-1	7,8124995E+1	-3,9657580E-1	-3,0370431E-2	-2,6579948E-2	0,0000000E+0	0,0000000E+0
3,6206770E+1	7,8124995E+1	-2,1242538E-1	-2,1356159E-1	-4,1713941E-1	7,8124995E+1	-3,9700421E-1	-3,2531099E-2	-2,4400653E-2	0,0000000E+0	0,0000000E+0
3,7963693E+1	7,8124995E+1	-2,1296555E-1	-2,1328220E-1	-4,1716735E-1	7,8124995E+1	-3,9734880E-1	-3,3061953E-2	-2,5965275E-2	0,0000000E+0	0,0000000E+0
3,9719905E+1	7,8124995E+1	-2,1339395E-1	-2,1272340E-1	-4,1744674E-1	7,8124995E+1	-3,9755369E-1	-3,3890831E-2	-2,6859345E-2	0,0000000E+0	0,0000000E+0
4,1476448E+1	7,8124995E+1	-2,1358022E-1	-2,1204354E-1	-4,1770751E-1	7,8124995E+1	-3,9796347E-1	-3,3881517E-2	-2,8116630E-2	0,0000000E+0	0,0000000E+0
4,3232806E+1	7,8124995E+1	-2,1379442E-1	-2,1090732E-1	-4,1781927E-1	7,8124995E+1	-3,9833600E-1	-3,4961852E-2	-2,9532241E-2	0,0000000E+0	0,0000000E+0
4,4990412E+1	7,8124995E+1	-2,1360816E-1	-2,0862558E-1	-4,1801485E-1	7,8124995E+1	-3,9848501E-1	-3,6805870E-2	-2,9122459E-2	0,0000000E+0	0,0000000E+0
4,6748063E+1	7,8124995E+1	-2,1316112E-1	-2,0525419E-1	-4,1833150E-1	7,8124995E+1	-3,9886686E-1	-3,7308785E-2	-2,7436765E-2	0,0000000E+0	0,0000000E+0
4,8504327E+1	7,8124995E+1	-2,1238813E-1	-2,0109118E-1	-4,1829425E-1	7,8124995E+1	-3,9913694E-1	-3,6228450E-2	-2,6421623E-2	0,0000000E+0	0,0000000E+0
5,0262033E+1	7,8124995E+1	-2,1103771E-1	-1,9606204E-1	-4,1868540E-1	7,8124995E+1	-3,9950016E-1	-3,4132974E-2	-2,5723131E-2	0,0000000E+0	0,0000000E+0
5,2017973E+1	7,8124995E+1	-2,0953828E-1	-1,9105152E-1	-4,1878785E-1	7,8124995E+1	-3,9970505E-1	-3,2493847E-2	-2,5415795E-2	0,0000000E+0	0,0000000E+0
5,3774454E+1	7,8124995E+1	-2,0759181E-1	-1,8561260E-1	-4,1906724E-1	7,8124995E+1	-4,0004032E-1	-3,1040983E-2	-7,6182191E-3	0,0000000E+0	0,0000000E+0
5,5531166E+1	7,8124995E+1	-2,0558016E-1	-1,7995947E-1	-4,1908587E-1	7,8124995E+1	-4,0032903E-1	-3,1609090E-2	-1,1529774E-2	0,0000000E+0	0,0000000E+0
5,7288023E+1	7,8124995E+1	-2,0315872E-1	-1,7455780E-1	-4,1936527E-1	7,8124995E+1	-4,0072950E-1	-3,1953679E-2	-1,4584512E-2	0,0000000E+0	0,0000000E+0
5,9046229E+1	7,8124995E+1	-2,0076522E-1	-1,6919338E-1	-4,1954222E-1	7,8124995E+1	-4,0095302E-1	-3,4226107E-2	-1,7890708E-2	0,0000000E+0	0,0000000E+0
6,0805797E+1	7,8124995E+1	-1,9817614E-1	-1,6374514E-1	-4,1985887E-1	7,8124995E+1	-4,0132555E-1	-3,6731365E-2	-2,0749868E-2	0,0000000E+0	0,0000000E+0
6,2561703E+1	7,8124995E+1	-1,9562432E-1	-1,5847386E-1	-4,2011033E-1	7,8124995E+1	-4,0154907E-1	-3,7774446E-2	-2,2705646E-2	0,0000000E+0	0,0000000E+0
6,4317729E+1	7,8124995E+1	-1,9288623E-1	-1,5332364E-1	-4,2014758E-1	7,8124995E+1	-4,0187503E-1	-3,8379806E-2	-2,3832546E-2	0,0000000E+0	0,0000000E+0
6,6073824E+1	7,8124995E+1	-1,9018539E-1	-1,4845283E-1	-4,2028728E-1	7,8124995E+1	-4,0215442E-1	-3,9013105E-2	-2,6198106E-2	0,0000000E+0	0,0000000E+0
6,7831645E+1	7,8124995E+1	-1,8747525E-1	-1,4358201E-1	-4,2060393E-1	7,8124995E+1	-4,0235932E-1	-3,9348381E-2	-2,8358774E-2	0,0000000E+0	0,0000000E+0
6,9589631E+1	7,8124995E+1	-1,8470922E-1	-1,3880432E-1	-4,2069706E-1	7,8124995E+1	-4,0261077E-1	-3,9115550E-2	-2,5723131E-2	0,0000000E+0	0,0000000E+0
7,1346795E+1	7,8124995E+1	-1,8180349E-1	-1,3357960E-1	-4,2079950E-1	7,8124995E+1	-4,0282498E-1	-3,7699940E-2	-2,3581089E-2	0,0000000E+0	0,0000000E+0
7,3104157E+1	7,8124995E+1	-1,7880463E-1	-1,2708829E-1	-4,2104165E-1	7,8124995E+1	-4,0315094E-1	-3,7821012E-2	-2,3199247E-2	0,0000000E+0	0,0000000E+0
7,4860795E+1	7,8124995E+1	-1,7520041E-1	-1,1794270E-1	-4,2125585E-1	7,8124995E+1	-4,0337446E-1	-3,7532302E-2	-2,4978073E-2	0,0000000E+0	0,0000000E+0
7,6616785E+1	7,8124995E+1	-1,7082320E-1	-1,0523946E-1	-4,2144212E-1	7,8124995E+1	-4,0373767E-1	-3,7122520E-2	-2,6402997E-2	0,0000000E+0	0,0000000E+0
7,8373804E+1	7,8124995E+1	-1,6511419E-1	-8,9891260E-2	-4,2163769E-1	7,8124995E+1	-4,0396119E-1	-3,6880376E-2	-2,7893113E-2	0,0000000E+0	0,0000000E+0
8,0131922E+1	7,8124995E+1	-1,5846455E-1	-7,3136766E-2	-4,2168426E-1	7,8124995E+1	-4,0418471E-1	-3,7886205E-2	-2,8954821E-2	0,0000000E+0	0,0000000E+0
8,1889432E+1	7,8124995E+1	-1,5097671E-1	-5,5385757E-2	-4,2187984E-1	7,8124995E+1	-4,0435235E-1	-3,8519504E-2	-3,0240046E-2	0,0000000E+0	0,0000000E+0
8,3646466E+1	7,8124995E+1	-1,4286489E-1	-3,7467109E-2	-4,2210336E-1	7,8124995E+1	-4,0445479E-1	-3,9609151E-2	-2,9504301E-2	0,0000000E+0	0,0000000E+0
8,5402998E+1	7,8124995E+1	-1,3402664E-1	-1,9241126E-2	-4,2220580E-1	7,8124995E+1	-4,0478075E-1	-4,0782618E-2	-2,9494988E-2	0,0000000E+0	0,0000000E+0
8,7159352E+1	7,8124995E+1	-1,2487174E-1	-1,1175872E-3	-4,2240138E-1	7,8124995E+1	-4,0490183E-1	-4,0158632E-2	-3,0538069E-2	0,0000000E+0	0,0000000E+0
8,8916478E+1	7,8124995E+1	-1,1507422E-1	1,6717241E-2	-4,2253176E-1	7,8124995E+1	-4,0510672E-1	-3,9655718E-2	-3,0891972E-2	0,0000000E+0	0,0000000E+0
9,0673882E+1	7,8124995E+1	-1,0519289E-1	3,4179541E-2	-4,2266215E-1	7,8124995E+1	-4,0524642E-1	-3,8724395E-2	-3,0826779E-2	0,0000000E+0	0,0000000E+0
9,2429868E+1	7,8124995E+1	-9,5134607E-2	5,1241371E-2	-4,2263421E-1	7,8124995E+1	-4,0531161E-1	-3,8715082E-2	-3,0659141E-2	0,0000000E+0	0,0000000E+0
9,4186053E+1	7,8124995E+1	-8,4964564E-2	6,7688529E-2	-4,2280185E-1	7,8124995E+1	-4,0551650E-1	-3,8994479E-2	-2,9979275E-2	0,0000000E+0	0,0000000E+0
9,5942770E+1	7,8124995E+1	-7,4803834E-2	8,3949422E-2	-4,2303468E-1	7,8124995E+1	-4,0554444E-1	-3,9301815E-2	-2,8740616E-2	0,0000000E+0	0,0000000E+0
9,7699187E+1	7,8124995E+1	-6,4540658E-2	9,9614269E-2	-4,2298811E-1	7,8124995E+1	-4,0563757E-1	-3,9665031E-2	-2,7297066E-2	0,0000000E+0	0,0000000E+0
9,9457499E+1	7,8124995E+1	-5,4156411E-2	1,1479483E-1	-4,2305330E-1	7,8124995E+1	-4,0580521E-1	-4,0242451E-2	-2,6440249E-2	0,0000000E+0	0,0000000E+0
1,0121341E+2	7,8124995E+1	-4,3967741E-2	1,2970530E-1	-4,2309987E-1	7,8124995E+1	-4,0596353E-1	-4,0363523E-2	-2,5667252E-2	0,0000000E+0	0,0000000E+0
1,0297062E+2	7,8124995E+1	-3,3797698E-2	1,4403836E-1	-4,2305330E-1	7,8124995E+1	-4,0572139E-1	-4,0158632E-2	-2,6524069E-2	0,0000000E+0	0,0000000E+0
1,0472755E+2	7,8124995E+1	-2,3618342E-2	1,5811064E-1	-4,2311850E-1	7,8124995E+1	-4,0581452E-1	-3,9748850E-2	-2,6971103E-2	0,0000000E+0	0,0000000E+0
1,0648469E+2	7,8124995E+1	-1,3653190E-2	1,7171727E-1	-4,2307193E-1	7,8124995E+1	-4,0584246E-1	-3,9180743E-2	-2,7222560E-2	0,0000000E+0	0,0000000E+0
1,0824191E+2	7,8124995E+1	-3,6973508E-3	1,8494205E-1	-4,2311850E-1	7,8124995E+1	-4,0581452E-1	-3,8724395E-2	-2,7948992E-2	0,0000000E+0	0,0000000E+0
1,0999822E+2	7,8124995E+1	6,1281029E-3	1,9786881E-1	-4,2297880E-1	7,8124995E+1	-4,0570276E-1	-3,8323926E-2	-2,7762728E-2	0,0000000E+0	0,0000000E+0
1,1175485E+2	7,8124995E+1	1,5888364E-2	2,1036716E-1	-4,2292292E-1	7,8124995E+1	-4,0560963E-1	-3,8333239E-2	-2,7827920E-2	0,0000000E+0	0,0000000E+0
1,1351085E+2	7,8124995E+1	2,5406481E-2	2,2266061E-1	-4,2293223E-1	7,8124995E+1	-4,0549787E-1	-3,8035216E-2	-2,7222560E-2	0,0000000E+0	0,0000000E+0
1,1526675E+2	7,8124995E+1	3,5027044E-2	2,3461880E-1	-4,2269009E-1	7,8124995E+1	-4,0521848E-1	-3,7616121E-2	-2,6877971E-2	0,0000000E+0	0,0000000E+0
1,1702303E+2	7,8124995E+1	4,4293704E-2	2,4617651E-1	-4,2249451E-1	7,8124995E+1	-4,0505084E-1	-3,6535787E-2	-2,6756899E-2	0,0000000E+0	0,0000000E+0
1,1878139E+2	7,8124995E+1	5,3644183E-2	2,5754796E-1	-4,2230825E-1	7,8124995E+1	-4,0474350E-1	-3,5781415E-2	-2,7464704E-2	0,0000000E+0	0,0000000E+0
1,2053791E+2	7,8124995E+1	6,2817711E-2	2,6868658E-1	-4,2213130E-1	7,8124995E+1	-4,0441754E-1	-3,6899003E-2	-2,8610231E-2	0,0000000E+0	0,0000000E+0
1,2229655E+2	7,8124995E+1	7,1907420E-2	2,7958305E-1	-4,2192640E-1	7,8124995E+1	-4,0416608E-1	-3,8268047E-2	-3,0053781E-2	0,0000000E+0	0,0000000E+0
1,2405369E+2	7,8124995E+1	8,0661853E-2	2,9099176E-1	-4,2153525E-1	7,8124995E+1	-4,0368179E-1	-3,8547444E-2	-3,0361118E-2	0,0000000E+0	0,0000000E+0
1,2581139E+2	7,8124995E+1	8,9490792E-2	3,0180441E-1	-4,2122791E-1	7,8124995E+1	-4,0335583E-1	-3,8063156E-2	-3,0677767E-2	0,0000000E+0	0,0000000E+0
