1,2106857E+0	2,1035992E+1	2,0879512E+1	2,0906149E+1	2,0865977E+1	1,0000000E+0	9,4000000E-2	0,0000000E+0	0,0000000E+0	0,0000000E+0	0,0000000E+0
3,3151879E+0	2,1035839E+1	2,0880585E+1	2,0906762E+1	2,0866743E+1	1,0000000E+0	9,4000000E-2	0,0000000E+0	0,0000000E+0	0,0000000E+0	0,0000000E+0
5,4187512E+0	2,1036758E+1	2,0880432E+1	2,0908141E+1	2,0868275E+1	1,0000000E+0	9,4000000E-2	0,0000000E+0	0,0000000E+0	0,0000000E+0	0,0000000E+0
7,5233984E+0	2,1036758E+1	2,0881504E+1	2,0907374E+1	2,0868582E+1	1,0000000E+0	9,4000000E-2	0,0000000E+0	0,0000000E+0	0,0000000E+0	0,0000000E+0
9,6289277E+0	2,1039210E+1	2,0882117E+1	2,0908600E+1	2,0869348E+1	1,0000000E+0	9,4000000E-2	0,0000000E+0	0,0000000E+0	0,0000000E+0	0,0000000E+0
1,1733819E+1	2,1039363E+1	2,0884109E+1	2,0908754E+1	2,0869807E+1	1,0000000E+0	9,4000000E-2	0,0000000E+0	0,0000000E+0	0,0000000E+0	0,0000000E+0
1,3840102E+1	2,1040589E+1	2,0885642E+1	2,0910286E+1	2,0872412E+1	1,0000000E+0	9,2000000E-2	0,0000000E+0	0,0000000E+0	0,0000000E+0	0,0000000E+0
1,5946477E+1	2,1041049E+1	2,0887634E+1	2,0913810E+1	2,0875630E+1	1,0000000E+0	9,2000000E-2	0,0000000E+0	0,0000000E+0	0,0000000E+0	0,0000000E+0
1,8050671E+1	2,0929495E+1	2,0775316E+1	2,0923310E+1	2,0886662E+1	1,0000000E+0	9,4000000E-2	0,0000000E+0	0,0000000E+0	0,0000000E+0	0,0000000E+0
2,0153919E+1	2,0786075E+1	2,0517598E+1	2,0938634E+1	2,0915008E+1	1,0000000E+0	9,4000000E-2	0,0000000E+0	0,0000000E+0	0,0000000E+0	0,0000000E+0
2,2257987E+1	2,0712682E+1	2,0207045E+1	2,0952884E+1	2,0945194E+1	1,0000000E+0	9,4000000E-2	0,0000000E+0	0,0000000E+0	0,0000000E+0	0,0000000E+0
2,4361927E+1	2,0692916E+1	1,9893764E+1	2,0965143E+1	2,0962355E+1	1,0000000E+0	9,4000000E-2	0,0000000E+0	0,0000000E+0	0,0000000E+0	0,0000000E+0
2,6466822E+1	2,0702416E+1	1,9610533E+1	2,0991652E+1	2,0986412E+1	1,0100000E+0	9,4000000E-2	0,0000000E+0	0,0000000E+0	0,0000000E+0	0,0000000E+0
2,8570051E+1	2,0716359E+1	1,9331155E+1	2,1028888E+1	2,1006638E+1	9,9000000E-1	9,2000000E-2	0,0000000E+0	0,0000000E+0	0,0000000E+0	0,0000000E+0
3,0674714E+1	2,0736891E+1	1,9081359E+1	2,1041607E+1	2,1070841E+1	1,0000000E+0	9,4000000E-2	0,0000000E+0	0,0000000E+0	0,0000000E+0	0,0000000E+0
3,2779469E+1	2,0757269E+1	1,8873388E+1	2,1049729E+1	2,1271580E+1	1,0000000E+0	9,2000000E-2	0,0000000E+0	0,0000000E+0	0,0000000E+0	0,0000000E+0
3,4883554E+1	2,0777188E+1	1,8698200E+1	2,1064746E+1	2,1318472E+1	1,0000000E+0	9,4000000E-2	0,0000000E+0	0,0000000E+0	0,0000000E+0	0,0000000E+0
3,6988489E+1	2,0799252E+1	1,8546755E+1	2,1077618E+1	2,1318472E+1	1,0000000E+0	9,4000000E-2	0,0000000E+0	0,0000000E+0	0,0000000E+0	0,0000000E+0
3,9092529E+1	2,0827292E+1	1,8415835E+1	2,1095087E+1	2,1303454E+1	1,0000000E+0	9,2000000E-2	0,0000000E+0	0,0000000E+0	0,0000000E+0	0,0000000E+0
4,1197787E+1	2,0874946E+1	1,8300691E+1	2,1121291E+1	2,1281081E+1	1,0000000E+0	9,2000000E-2	0,0000000E+0	0,0000000E+0	0,0000000E+0	0,0000000E+0
4,3302162E+1	2,0909269E+1	1,8191523E+1	2,1142438E+1	2,1263612E+1	1,0000000E+0	9,2000000E-2	0,0000000E+0	0,0000000E+0	0,0000000E+0	0,0000000E+0
4,5407579E+1	2,0931181E+1	1,8096596E+1	2,1179369E+1	2,1250893E+1	1,0000000E+0	9,2000000E-2	0,0000000E+0	0,0000000E+0	0,0000000E+0	0,0000000E+0
4,7511395E+1	2,0949109E+1	1,8009787E+1	2,1230859E+1	2,1234190E+1	1,0000000E+0	9,4000000E-2	0,0000000E+0	0,0000000E+0	0,0000000E+0	0,0000000E+0
4,9616449E+1	2,1213136E+1	1,8224135E+1	2,1300587E+1	2,1222084E+1	1,0000000E+0	9,2000000E-2	0,0000000E+0	0,0000000E+0	0,0000000E+0	0,0000000E+0
5,1719876E+1	2,4379862E+1	2,1950466E+1	2,1559280E+1	2,1210898E+1	1,0000000E+0	9,2000000E-2	0,0000000E+0	0,0000000E+0	0,0000000E+0	0,0000000E+0
5,3825564E+1	2,6686221E+1	2,5003822E+1	2,2131448E+1	2,1193429E+1	1,0000000E+0	9,4000000E-2	0,0000000E+0	0,0000000E+0	0,0000000E+0	0,0000000E+0
5,5930757E+1	2,7968745E+1	2,6879444E+1	2,2312331E+1	2,1168911E+1	1,0000000E+0	9,4000000E-2	0,0000000E+0	0,0000000E+0	0,0000000E+0	0,0000000E+0
5,8035834E+1	2,8657802E+1	2,7963522E+1	2,2336705E+1	2,1142401E+1	1,0000000E+0	9,4000000E-2	0,0000000E+0	0,0000000E+0	0,0000000E+0	0,0000000E+0
6,0140280E+1	2,9044085E+1	2,8578875E+1	2,2297615E+1	2,1114512E+1	1,0000000E+0	9,2000000E-2	0,0000000E+0	0,0000000E+0	0,0000000E+0	0,0000000E+0
6,2245605E+1	2,9290316E+1	2,8945037E+1	2,2282745E+1	2,1093213E+1	1,0000000E+0	9,2000000E-2	0,0000000E+0	0,0000000E+0	0,0000000E+0	0,0000000E+0
6,4349717E+1	2,9420428E+1	2,9161928E+1	2,2278913E+1	2,1079729E+1	1,0000000E+0	9,4000000E-2	0,0000000E+0	0,0000000E+0	0,0000000E+0	0,0000000E+0
6,6454897E+1	2,9483258E+1	2,9281131E+1	2,2271861E+1	2,1065478E+1	1,0000000E+0	9,4000000E-2	0,0000000E+0	0,0000000E+0	0,0000000E+0	0,0000000E+0
6,8559903E+1	2,9490171E+1	2,9333361E+1	2,2258525E+1	2,1050768E+1	1,0000000E+0	9,4000000E-2	0,0000000E+0	0,0000000E+0	0,0000000E+0	0,0000000E+0
7,0664437E+1	2,9476960E+1	2,9327831E+1	2,2236757E+1	2,1037590E+1	1,0000000E+0	9,4000000E-2	0,0000000E+0	0,0000000E+0	0,0000000E+0	0,0000000E+0
7,2770636E+1	2,9432257E+1	2,9306785E+1	2,2209012E+1	2,1025025E+1	1,0000000E+0	9,4000000E-2	0,0000000E+0	0,0000000E+0	0,0000000E+0	0,0000000E+0
7,4876063E+1	2,9340240E+1	2,9317231E+1	2,2180653E+1	2,1010315E+1	1,0000000E+0	9,4000000E-2	0,0000000E+0	0,0000000E+0	0,0000000E+0	0,0000000E+0
7,6981730E+1	2,9303834E+1	2,9337048E+1	2,2145244E+1	2,0997597E+1	1,0000000E+0	9,4000000E-2	0,0000000E+0	0,0000000E+0	0,0000000E+0	0,0000000E+0
7,9086927E+1	2,9284940E+1	2,9352410E+1	2,2144018E+1	2,0980436E+1	1,0000000E+0	9,4000000E-2	0,0000000E+0	0,0000000E+0	0,0000000E+0	0,0000000E+0
8,1192524E+1	2,9281099E+1	2,9361473E+1	2,2204720E+1	2,0966645E+1	1,0000000E+0	9,4000000E-2	0,0000000E+0	0,0000000E+0	0,0000000E+0	0,0000000E+0
8,3298430E+1	2,9285401E+1	2,9363624E+1	2,2246415E+1	2,0960516E+1	1,0000000E+0	9,4000000E-2	0,0000000E+0	0,0000000E+0	0,0000000E+0	0,0000000E+0
8,5402999E+1	2,9298611E+1	2,9361012E+1	2,2234918E+1	2,0965266E+1	1,0000000E+0	9,4000000E-2	0,0000000E+0	0,0000000E+0	0,0000000E+0	0,0000000E+0
8,7508773E+1	2,9321039E+1	2,9355021E+1	2,2199201E+1	2,0969557E+1	1,0000000E+0	9,4000000E-2	0,0000000E+0	0,0000000E+0	0,0000000E+0	0,0000000E+0
8,9612618E+1	2,9335325E+1	2,9347187E+1	2,2145551E+1	2,0969557E+1	1,0000000E+0	9,4000000E-2	0,0000000E+0	0,0000000E+0	0,0000000E+0	0,0000000E+0
9,1716812E+1	2,9335325E+1	2,9337816E+1	2,2092820E+1	2,0966492E+1	1,0000000E+0	9,4000000E-2	0,0000000E+0	0,0000000E+0	0,0000000E+0	0,0000000E+0
9,3822001E+1	2,9327798E+1	2,9329213E+1	2,2064003E+1	2,0978597E+1	1,0000000E+0	9,4000000E-2	0,0000000E+0	0,0000000E+0	0,0000000E+0	0,0000000E+0
9,5927390E+1	2,9315662E+1	2,9316617E+1	2,2048062E+1	2,0993154E+1	1,0000000E+0	9,4000000E-2	0,0000000E+0	0,0000000E+0	0,0000000E+0	0,0000000E+0
9,8033442E+1	2,9305370E+1	2,9302945E+1	2,2042237E+1	2,1004799E+1	1,0000000E+0	9,4000000E-2	0,0000000E+0	0,0000000E+0	0,0000000E+0	0,0000000E+0
1,0013817E+2	2,9296921E+1	2,9288659E+1	2,2037332E+1	2,1016751E+1	1,0000000E+0	9,4000000E-2	0,0000000E+0	0,0000000E+0	0,0000000E+0	0,0000000E+0
1,0224206E+2	2,9283557E+1	2,9274065E+1	2,2029668E+1	2,1026251E+1	1,0000000E+0	9,4000000E-2	0,0000000E+0	0,0000000E+0	0,0000000E+0	0,0000000E+0
1,0434728E+2	2,9273880E+1	2,9263158E+1	2,2023230E+1	2,1034372E+1	1,0000000E+0	9,4000000E-2	0,0000000E+0	0,0000000E+0	0,0000000E+0	0,0000000E+0
1,0645071E+2	2,9269886E+1	2,9255478E+1	2,2018325E+1	2,1043106E+1	1,0000000E+0	9,4000000E-2	0,0000000E+0	0,0000000E+0	0,0000000E+0	0,0000000E+0
1,0855466E+2	2,9262820E+1	2,9236890E+1	2,2012347E+1	2,1051687E+1	1,0000000E+0	9,4000000E-2	0,0000000E+0	0,0000000E+0	0,0000000E+0	0,0000000E+0
1,1065847E+2	2,9240239E+1	2,9209547E+1	2,2007595E+1	2,1059808E+1	1,0000000E+0	9,2000000E-2	0,0000000E+0	0,0000000E+0	0,0000000E+0	0,0000000E+0
1,1276443E+2	2,9224571E+1	2,9185277E+1	2,2001924E+1	2,1065631E+1	1,0000000E+0	9,4000000E-2	0,0000000E+0	0,0000000E+0	0,0000000E+0	0,0000000E+0
1,1487156E+2	2,9212282E+1	2,9161774E+1	2,1994413E+1	2,1072986E+1	1,0000000E+0	9,4000000E-2	0,0000000E+0	0,0000000E+0	0,0000000E+0	0,0000000E+0
1,1697723E+2	2,9180946E+1	2,9154708E+1	2,1989815E+1	2,1080035E+1	1,0000000E+0	9,4000000E-2	0,0000000E+0	0,0000000E+0	0,0000000E+0	0,0000000E+0
1,1908338E+2	2,9162206E+1	2,9146720E+1	2,1984143E+1	2,1086318E+1	1,0000000E+0	9,2000000E-2	0,0000000E+0	0,0000000E+0	0,0000000E+0	0,0000000E+0
1,2118896E+2	2,9147921E+1	2,9140730E+1	2,1977399E+1	2,1091987E+1	1,0000000E+0	9,2000000E-2	0,0000000E+0	0,0000000E+0	0,0000000E+0	0,0000000E+0
1,2329166E+2	2,9136247E+1	2,9139962E+1	2,1967436E+1	2,1096891E+1	1,0000000E+0	9,4000000E-2	0,0000000E+0	0,0000000E+0	0,0000000E+0	0,0000000E+0
1,2539565E+2	2,9132407E+1	2,9143495E+1	2,1959006E+1	2,1102254E+1	1,0000000E+0	9,4000000E-2	0,0000000E+0	0,0000000E+0	0,0000000E+0	0,0000000E+0
1,2750072E+2	2,9136093E+1	2,9149793E+1	2,1949349E+1	2,1108383E+1	1,0000000E+0	9,4000000E-2	0,0000000E+0	0,0000000E+0	0,0000000E+0	0,0000000E+0
1,2960582E+2	2,9146231E+1	2,9159931E+1	2,1939386E+1	2,1113746E+1	1,0000000E+0	9,4000000E-2	0,0000000E+0	0,0000000E+0	0,0000000E+0	0,0000000E+0
1,3171101E+2	2,9159134E+1	2,9166075E+1	2,1929730E+1	2,1119109E+1	1,0000000E+0	9,4000000E-2	0,0000000E+0	0,0000000E+0	0,0000000E+0	0,0000000E+0
1,3381662E+2	2,9009525E+1	2,8993575E+1	2,1919154E+1	2,1122787E+1	1,0000000E+0	9,4000000E-2	0,0000000E+0	0,0000000E+0	0,0000000E+0	0,0000000E+0
1,3592182E+2	2,8679610E+1	2,8539558E+1	2,1909957E+1	2,1128763E+1	1,0000000E+0	9,4000000E-2	0,0000000E+0	0,0000000E+0	0,0000000E+0	0,0000000E+0
1,3802690E+2	2,8262963E+1	2,7974118E+1	2,1900914E+1	2,1133207E+1	1,0000000E+0	9,4000000E-2	0,0000000E+0	0,0000000E+0	0,0000000E+0	0,0000000E+0
1,4013008E+2	2,7784488E+1	2,7419827E+1	2,1893403E+1	2,1138264E+1	1,0000000E+0	9,2000000E-2	0,0000000E+0	0,0000000E+0	0,0000000E+0	0,0000000E+0
1,4223674E+2	2,7267702E+1	2,6988128E+1	2,1888039E+1	2,1143474E+1	1,0000000E+0	9,4000000E-2	0,0000000E+0	0,0000000E+0	0,0000000E+0	0,0000000E+0
1,4434057E+2	2,6824521E+1	2,6640291E+1	2,1881294E+1	2,1149909E+1	1,0000000E+0	9,4000000E-2	0,0000000E+0	0,0000000E+0	0,0000000E+0	0,0000000E+0
1,4644592E+2	2,6429130E+1	2,6372607E+1	2,1874550E+1	2,1153587E+1	1,0000000E+0	9,4000000E-2	0,0000000E+0	0,0000000E+0	0,0000000E+0	0,0000000E+0
1,4855023E+2	2,6068162E+1	2,6173853E+1	2,1866580E+1	2,1157878E+1	1,0000000E+0	9,4000000E-2	0,0000000E+0	0,0000000E+0	0,0000000E+0	0,0000000E+0
1,5065476E+2	2,5734393E+1	2,5982324E+1	2,1859836E+1	2,1162475E+1	1,0000000E+0	9,4000000E-2	0,0000000E+0	0,0000000E+0	0,0000000E+0	0,0000000E+0
1,5276166E+2	2,5428122E+1	2,5744922E+1	2,1851866E+1	2,1166459E+1	1,0000000E+0	9,4000000E-2	0,0000000E+0	0,0000000E+0	0,0000000E+0	0,0000000E+0
1,5486530E+2	2,5153791E+1	2,5381717E+1	2,1842976E+1	2,1171056E+1	1,0000000E+0	9,4000000E-2	0,0000000E+0	0,0000000E+0	0,0000000E+0	0,0000000E+0
1,5696946E+2	2,4865982E+1	2,5020238E+1	2,1834546E+1	2,1173508E+1	1,0000000E+0	9,4000000E-2	0,0000000E+0	0,0000000E+0	0,0000000E+0	0,0000000E+0
1,5907484E+2	2,4633574E+1	2,4717093E+1	2,1825350E+1	2,1176879E+1	1,0000000E+0	9,4000000E-2	0,0000000E+0	0,0000000E+0	0,0000000E+0	0,0000000E+0
1,6117775E+2	2,4436309E+1	2,4427933E+1	2,1817073E+1	2,1181016E+1	1,0000000E+0	9,4000000E-2	0,0000000E+0	0,0000000E+0	0,0000000E+0	0,0000000E+0
1,6328216E+2	2,4232767E+1	2,4215183E+1	2,1806497E+1	2,1184081E+1	1,0000000E+0	9,4000000E-2	0,0000000E+0	0,0000000E+0	0,0000000E+0	0,0000000E+0
1,6538728E+2	2,4950819E+1	2,4805303E+1	2,1796075E+1	2,1186533E+1	1,0000000E+0	9,4000000E-2	0,0000000E+0	0,0000000E+0	0,0000000E+0	0,0000000E+0
1,6749093E+2	2,6719836E+1	2,6375677E+1	2,1786265E+1	2,1188525E+1	1,0000000E+0	9,2000000E-2	0,0000000E+0	0,0000000E+0	0,0000000E+0	0,0000000E+0
1,6959663E+2	2,7809209E+1	2,7411537E+1	2,1778602E+1	2,1193735E+1	1,0000000E+0	9,4000000E-2	0,0000000E+0	0,0000000E+0	0,0000000E+0	0,0000000E+0
1,7170115E+2	2,8393803E+1	2,8053661E+1	2,1771092E+1	2,1196493E+1	1,0000000E+0	9,2000000E-2	0,0000000E+0	0,0000000E+0	0,0000000E+0	0,0000000E+0
1,7380748E+2	2,8701573E+1	2,8448331E+1	2,1764195E+1	2,1200171E+1	1,0000000E+0	9,4000000E-2	0,0000000E+0	0,0000000E+0	0,0000000E+0	0,0000000E+0
1,7591369E+2	2,8872825E+1	2,8682852E+1	2,1756684E+1	2,1204155E+1	1,0000000E+0	9,4000000E-2	0,0000000E+0	0,0000000E+0	0,0000000E+0	0,0000000E+0
1,7801945E+2	2,8968975E+1	2,8821084E+1	2,1748101E+1	2,1209212E+1	1,0000000E+0	9,4000000E-2	0,0000000E+0	0,0000000E+0	0,0000000E+0	0,0000000E+0
1,8012476E+2	2,9025346E+1	2,8896347E+1	2,1740898E+1	2,1211970E+1	1,0000000E+0	9,4000000E-2	0,0000000E+0	0,0000000E+0	0,0000000E+0	0,0000000E+0
1,8223129E+2	2,9054069E+1	2,8939354E+1	2,1733847E+1	2,1215648E+1	1,0000000E+0	9,2000000E-2	0,0000000E+0	0,0000000E+0	0,0000000E+0	0,0000000E+0
1,8433644E+2	2,9065282E+1	2,8967156E+1	2,1724345E+1	2,1220858E+1	1,0000000E+0	9,4000000E-2	0,0000000E+0	0,0000000E+0	0,0000000E+0	0,0000000E+0
1,8643987E+2	2,9064514E+1	2,8984052E+1	2,1713156E+1	2,1224229E+1	1,0000000E+0	9,4000000E-2	0,0000000E+0	0,0000000E+0	0,0000000E+0	0,0000000E+0
1,8854466E+2	2,9064514E+1	2,8995572E+1	2,1703654E+1	2,1225302E+1	1,0000000E+0	9,4000000E-2	0,0000000E+0	0,0000000E+0	0,0000000E+0	0,0000000E+0
1,9065035E+2	2,9059138E+1	2,9004328E+1	2,1694458E+1	2,1229899E+1	1,0000000E+0	9,4000000E-2	0,0000000E+0	0,0000000E+0	0,0000000E+0	0,0000000E+0
1,9275577E+2	2,9048386E+1	2,9009089E+1	2,1686948E+1	2,1233730E+1	1,0000000E+0	9,4000000E-2	0,0000000E+0	0,0000000E+0	0,0000000E+0	0,0000000E+0
1,9486362E+2	2,9047772E+1	2,9011393E+1	2,1677599E+1	2,1236182E+1	1,0000000E+0	9,4000000E-2	0,0000000E+0	0,0000000E+0	0,0000000E+0	0,0000000E+0
1,9696802E+2	2,9054684E+1	2,9012315E+1	2,1669475E+1	2,1238787E+1	1,0000000E+0	9,2000000E-2	0,0000000E+0	0,0000000E+0	0,0000000E+0	0,0000000E+0
1,9907218E+2	2,9060367E+1	2,9011701E+1	2,1660739E+1	2,1240779E+1	1,0000000E+0	0,0000000E+0	0,0000000E+0	0,0000000E+0	0,0000000E+0	0,0000000E+0
2,0117704E+2	2,9063285E+1	2,9012315E+1	2,1652310E+1	2,1242158E+1	2,4550000E+1	0,0000000E+0	0,0000000E+0	0,0000000E+0	0,0000000E+0	0,0000000E+0
2,0328199E+2	2,9064361E+1	2,9014773E+1	2,1645106E+1	2,1243844E+1	2,4560000E+1	0,0000000E+0	0,0000000E+0	0,0000000E+0	0,0000000E+0	0,0000000E+0
2,0538609E+2	2,9062210E+1	2,9015541E+1	2,1636677E+1	2,1246142E+1	2,4560000E+1	0,0000000E+0	0,0000000E+0	0,0000000E+0	0,0000000E+0	0,0000000E+0
2,0749104E+2	2,9058831E+1	2,9015080E+1	2,1629320E+1	2,1245989E+1	2,4560000E+1	0,0000000E+0	0,0000000E+0	0,0000000E+0	0,0000000E+0	0,0000000E+0
2,0959452E+2	2,9057909E+1	2,9015694E+1	2,1619971E+1	2,1247215E+1	2,4560000E+1	0,0000000E+0	0,0000000E+0	0,0000000E+0	0,0000000E+0	0,0000000E+0
2,1169898E+2	2,9058370E+1	2,9015694E+1	2,1610469E+1	2,1247062E+1	2,4560000E+1	0,0000000E+0	0,0000000E+0	0,0000000E+0	0,0000000E+0	0,0000000E+0
2,1380372E+2	2,9054530E+1	2,9016462E+1	2,1604338E+1	2,1249207E+1	2,4560000E+1	0,0000000E+0	0,0000000E+0	0,0000000E+0	0,0000000E+0	0,0000000E+0
2,1590920E+2	2,9045621E+1	2,9014312E+1	2,1597595E+1	2,1250280E+1	2,4550000E+1	0,0000000E+0	0,0000000E+0	0,0000000E+0	0,0000000E+0	0,0000000E+0
2,1801329E+2	2,9036712E+1	2,9014158E+1	2,1589012E+1	2,1249360E+1	2,4560000E+1	0,0000000E+0	0,0000000E+0	0,0000000E+0	0,0000000E+0	0,0000000E+0
2,2011800E+2	2,9028264E+1	2,9014926E+1	2,1579817E+1	2,1249207E+1	2,4560000E+1	0,0000000E+0	0,0000000E+0	0,0000000E+0	0,0000000E+0	0,0000000E+0
2,2222213E+2	2,9009832E+1	2,9013544E+1	2,1570008E+1	2,1249820E+1	2,4560000E+1	0,0000000E+0	0,0000000E+0	0,0000000E+0	0,0000000E+0	0,0000000E+0
2,2432756E+2	2,8999388E+1	2,9012776E+1	2,1560506E+1	2,1249207E+1	2,4560000E+1	0,0000000E+0	0,0000000E+0	0,0000000E+0	0,0000000E+0	0,0000000E+0
2,2643244E+2	2,8998466E+1	2,9012315E+1	2,1551310E+1	2,1249360E+1	2,4560000E+1	0,0000000E+0	0,0000000E+0	0,0000000E+0	0,0000000E+0	0,0000000E+0
2,2853697E+2	2,9004303E+1	2,9011086E+1	2,1541655E+1	2,1248748E+1	2,4560000E+1	0,0000000E+0	0,0000000E+0	0,0000000E+0	0,0000000E+0	0,0000000E+0
2,3064125E+2	2,9008757E+1	2,9007860E+1	2,1533532E+1	2,1248748E+1	2,4550000E+1	0,0000000E+0	0,0000000E+0	0,0000000E+0	0,0000000E+0	0,0000000E+0
2,3274461E+2	2,9015055E+1	2,9005556E+1	2,1525716E+1	2,1249054E+1	2,4560000E+1	0,0000000E+0	0,0000000E+0	0,0000000E+0	0,0000000E+0	0,0000000E+0
2,3484997E+2	2,9018434E+1	2,9002331E+1	2,1516367E+1	2,1249820E+1	2,4560000E+1	0,0000000E+0	0,0000000E+0	0,0000000E+0	0,0000000E+0	0,0000000E+0
2,3695678E+2	2,9022120E+1	2,8996647E+1	2,1509011E+1	2,1249514E+1	2,4560000E+1	0,0000000E+0	0,0000000E+0	0,0000000E+0	0,0000000E+0	0,0000000E+0
2,3906030E+2	2,9022581E+1	2,8992500E+1	2,1502267E+1	2,1250586E+1	2,4560000E+1	0,0000000E+0	0,0000000E+0	0,0000000E+0	0,0000000E+0	0,0000000E+0
2,4116508E+2	2,9023196E+1	2,8986663E+1	2,1495064E+1	2,1251659E+1	2,4560000E+1	0,0000000E+0	0,0000000E+0	0,0000000E+0	0,0000000E+0	0,0000000E+0
2,4326979E+2	2,9022735E+1	2,8980212E+1	2,1489394E+1	2,1252885E+1	2,4560000E+1	0,0000000E+0	0,0000000E+0	0,0000000E+0	0,0000000E+0	0,0000000E+0
2,4537476E+2	2,9021352E+1	2,8974529E+1	2,1485103E+1	2,1255184E+1	2,4560000E+1	0,0000000E+0	0,0000000E+0	0,0000000E+0	0,0000000E+0	0,0000000E+0
2,4747874E+2	2,9018588E+1	2,8967002E+1	2,1480965E+1	2,1257176E+1	2,4560000E+1	0,0000000E+0	0,0000000E+0	0,0000000E+0	0,0000000E+0	0,0000000E+0
2,4958395E+2	2,9014133E+1	2,8960705E+1	2,1476367E+1	2,1258861E+1	2,4560000E+1	0,0000000E+0	0,0000000E+0	0,0000000E+0	0,0000000E+0	0,0000000E+0
2,5168856E+2	2,9007068E+1	2,8954407E+1	2,1473302E+1	2,1259474E+1	2,4560000E+1	0,0000000E+0	0,0000000E+0	0,0000000E+0	0,0000000E+0	0,0000000E+0
2,5379222E+2	2,9000002E+1	2,8949338E+1	2,1469011E+1	2,1262846E+1	2,4550000E+1	0,0000000E+0	0,0000000E+0	0,0000000E+0	0,0000000E+0	0,0000000E+0
2,5589717E+2	2,8993090E+1	2,8943501E+1	2,1464720E+1	2,1264378E+1	2,4560000E+1	0,0000000E+0	0,0000000E+0	0,0000000E+0	0,0000000E+0	0,0000000E+0
2,5800148E+2	2,8985564E+1	2,8941658E+1	2,1462421E+1	2,1266217E+1	2,4550000E+1	0,0000000E+0	0,0000000E+0	0,0000000E+0	0,0000000E+0	0,0000000E+0
2,6010669E+2	2,8978959E+1	2,8937357E+1	2,1459969E+1	2,1269435E+1	2,4560000E+1	0,0000000E+0	0,0000000E+0	0,0000000E+0	0,0000000E+0	0,0000000E+0
2,6221195E+2	2,8974966E+1	2,8933825E+1	2,1457363E+1	2,1271427E+1	2,4560000E+1	0,0000000E+0	0,0000000E+0	0,0000000E+0	0,0000000E+0	0,0000000E+0
2,6431846E+2	2,8973737E+1	2,8930906E+1	2,1452919E+1	2,1273266E+1	2,4560000E+1	0,0000000E+0	0,0000000E+0	0,0000000E+0	0,0000000E+0	0,0000000E+0
2,6642330E+2	2,8974044E+1	2,8928602E+1	2,1449394E+1	2,1275565E+1	2,4560000E+1	0,0000000E+0	0,0000000E+0	0,0000000E+0	0,0000000E+0	0,0000000E+0
2,6852888E+2	2,8975734E+1	2,8924762E+1	2,1445563E+1	2,1276024E+1	2,4560000E+1	0,0000000E+0	0,0000000E+0	0,0000000E+0	0,0000000E+0	0,0000000E+0
2,7063448E+2	2,8973430E+1	2,8921383E+1	2,1442191E+1	2,1278016E+1	2,4560000E+1	0,0000000E+0	0,0000000E+0	0,0000000E+0	0,0000000E+0	0,0000000E+0
2,7273888E+2	2,8971433E+1	2,8918772E+1	2,1439126E+1	2,1295333E+1	2,4560000E+1	0,0000000E+0	0,0000000E+0	0,0000000E+0	0,0000000E+0	0,0000000E+0
2,7484401E+2	2,8966825E+1	2,8914471E+1	2,1418437E+1	2,1306979E+1	2,4560000E+1	0,0000000E+0	0,0000000E+0	0,0000000E+0	0,0000000E+0	0,0000000E+0
2,7694942E+2	2,8958991E+1	2,8910017E+1	2,1411080E+1	2,1332571E+1	2,4560000E+1	0,0000000E+0	0,0000000E+0	0,0000000E+0	0,0000000E+0	0,0000000E+0
2,7905623E+2	2,8953001E+1	2,8906945E+1	2,1396521E+1	2,1324449E+1	2,4560000E+1	0,0000000E+0	0,0000000E+0	0,0000000E+0	0,0000000E+0	0,0000000E+0
2,8116100E+2	2,8947164E+1	2,8904948E+1	2,1375986E+1	2,1308358E+1	2,4560000E+1	0,0000000E+0	0,0000000E+0	0,0000000E+0	0,0000000E+0	0,0000000E+0
2,8326776E+2	2,8942096E+1	2,8901722E+1	2,1354990E+1	2,1292421E+1	2,4560000E+1	0,0000000E+0	0,0000000E+0	0,0000000E+0	0,0000000E+0	0,0000000E+0
2,8537169E+2	2,8938563E+1	2,8896807E+1	2,1334148E+1	2,1276331E+1	2,4560000E+1	0,0000000E+0	0,0000000E+0	0,0000000E+0	0,0000000E+0	0,0000000E+0
2,8747815E+2	2,8937181E+1	2,8892967E+1	2,1315298E+1	2,1261007E+1	2,4560000E+1	0,0000000E+0	0,0000000E+0	0,0000000E+0	0,0000000E+0	0,0000000E+0
2,8958280E+2	2,8937027E+1	2,8888667E+1	2,1298135E+1	2,1246296E+1	2,4560000E+1	0,0000000E+0	0,0000000E+0	0,0000000E+0	0,0000000E+0	0,0000000E+0
2,9168878E+2	2,8937027E+1	2,8885748E+1	2,1282197E+1	2,1233270E+1	2,4560000E+1	0,0000000E+0	0,0000000E+0	0,0000000E+0	0,0000000E+0	0,0000000E+0
2,9379520E+2	2,8936106E+1	2,8884059E+1	2,1268405E+1	2,1220552E+1	2,4560000E+1	0,0000000E+0	0,0000000E+0	0,0000000E+0	0,0000000E+0	0,0000000E+0
2,9590102E+2	2,8937181E+1	2,8880833E+1	2,1257064E+1	2,1210131E+1	2,4560000E+1	0,0000000E+0	0,0000000E+0	0,0000000E+0	0,0000000E+0	0,0000000E+0
2,9800473E+2	2,8934877E+1	2,8878836E+1	2,1247103E+1	2,1201090E+1	2,4560000E+1	0,0000000E+0	0,0000000E+0	0,0000000E+0	0,0000000E+0	0,0000000E+0
3,0010873E+2	2,8932880E+1	2,8876840E+1	2,1240974E+1	2,1195727E+1	2,4560000E+1	0,0000000E+0	0,0000000E+0	0,0000000E+0	0,0000000E+0	0,0000000E+0
3,0221313E+2	2,8930423E+1	2,8875150E+1	2,1237602E+1	2,1189138E+1	2,4550000E+1	0,0000000E+0	0,0000000E+0	0,0000000E+0	0,0000000E+0	0,0000000E+0
3,0431830E+2	2,8925047E+1	2,8873461E+1	2,1233771E+1	2,1184847E+1	2,4560000E+1	0,0000000E+0	0,0000000E+0	0,0000000E+0	0,0000000E+0	0,0000000E+0
3,0642340E+2	2,8919978E+1	2,8871310E+1	2,1228407E+1	2,1179944E+1	2,4560000E+1	0,0000000E+0	0,0000000E+0	0,0000000E+0	0,0000000E+0	0,0000000E+0
3,0852885E+2	2,8915985E+1	2,8868545E+1	2,1223657E+1	2,1175500E+1	2,4560000E+1	0,0000000E+0	0,0000000E+0	0,0000000E+0	0,0000000E+0	0,0000000E+0
3,1063413E+2	2,8912913E+1	2,8866395E+1	2,1220285E+1	2,1171362E+1	2,4560000E+1	0,0000000E+0	0,0000000E+0	0,0000000E+0	0,0000000E+0	0,0000000E+0
3,1273956E+2	2,8910148E+1	2,8862402E+1	2,1221818E+1	2,1168451E+1	2,4560000E+1	0,0000000E+0	0,0000000E+0	0,0000000E+0	0,0000000E+0	0,0000000E+0
3,1484619E+2	2,8906922E+1	2,8859944E+1	2,1221665E+1	2,1166765E+1	2,4560000E+1	0,0000000E+0	0,0000000E+0	0,0000000E+0	0,0000000E+0	0,0000000E+0
3,1695142E+2	2,8904926E+1	2,8855490E+1	2,1220745E+1	2,1163241E+1	2,4560000E+1	0,0000000E+0	0,0000000E+0	0,0000000E+0	0,0000000E+0	0,0000000E+0
3,1905580E+2	2,8900779E+1	2,8849960E+1	2,1217834E+1	2,1160023E+1	2,4560000E+1	0,0000000E+0	0,0000000E+0	0,0000000E+0	0,0000000E+0	0,0000000E+0
3,2116114E+2	2,8898936E+1	2,8847503E+1	2,1214309E+1	2,1157418E+1	2,4560000E+1	0,0000000E+0	0,0000000E+0	0,0000000E+0	0,0000000E+0	0,0000000E+0
3,2326635E+2	2,8895557E+1	2,8843356E+1	2,1211704E+1	2,1152821E+1	2,4560000E+1	0,0000000E+0	0,0000000E+0	0,0000000E+0	0,0000000E+0	0,0000000E+0
3,2537034E+2	2,8894174E+1	2,8840130E+1	2,1210018E+1	2,1148071E+1	2,4560000E+1	0,0000000E+0	0,0000000E+0	0,0000000E+0	0,0000000E+0	0,0000000E+0
3,2747502E+2	2,8890642E+1	2,8835829E+1	2,1207106E+1	2,1144699E+1	2,4560000E+1	0,0000000E+0	0,0000000E+0	0,0000000E+0	0,0000000E+0	0,0000000E+0
3,2958155E+2	2,8887570E+1	2,8831682E+1	2,1203429E+1	2,1141635E+1	2,4560000E+1	0,0000000E+0	0,0000000E+0	0,0000000E+0	0,0000000E+0	0,0000000E+0
3,3168594E+2	2,8885727E+1	2,8828150E+1	2,1200210E+1	2,1137804E+1	2,4560000E+1	0,0000000E+0	0,0000000E+0	0,0000000E+0	0,0000000E+0	0,0000000E+0
3,3379208E+2	2,8882808E+1	2,8825078E+1	2,1199138E+1	2,1135046E+1	2,4560000E+1	0,0000000E+0	0,0000000E+0	0,0000000E+0	0,0000000E+0	0,0000000E+0
3,3589643E+2	2,8880197E+1	2,8822160E+1	2,1195920E+1	2,1131981E+1	2,4560000E+1	0,0000000E+0	0,0000000E+0	0,0000000E+0	0,0000000E+0	0,0000000E+0
3,3800160E+2	2,8877893E+1	2,8819548E+1	2,1193161E+1	2,1128916E+1	2,4560000E+1	0,0000000E+0	0,0000000E+0	0,0000000E+0	0,0000000E+0	0,0000000E+0
3,4010672E+2	2,8875743E+1	2,8817245E+1	2,1189177E+1	2,1125545E+1	2,4560000E+1	0,0000000E+0	0,0000000E+0	0,0000000E+0	0,0000000E+0	0,0000000E+0
3,4221299E+2	2,8873900E+1	2,8815401E+1	2,1186878E+1	2,1123553E+1	2,4560000E+1	0,0000000E+0	0,0000000E+0	0,0000000E+0	0,0000000E+0	0,0000000E+0
3,4431897E+2	2,8871750E+1	2,8812176E+1	2,1183660E+1	2,1120795E+1	2,4560000E+1	0,0000000E+0	0,0000000E+0	0,0000000E+0	0,0000000E+0	0,0000000E+0
3,4642388E+2	2,8869138E+1	2,8808797E+1	2,1177684E+1	2,1116351E+1	2,4560000E+1	0,0000000E+0	0,0000000E+0	0,0000000E+0	0,0000000E+0	0,0000000E+0
3,4852804E+2	2,8865759E+1	2,8806339E+1	2,1168183E+1	2,1109302E+1	2,4560000E+1	0,0000000E+0	0,0000000E+0	0,0000000E+0	0,0000000E+0	0,0000000E+0
3,5063344E+2	2,8862534E+1	2,8804343E+1	2,1159601E+1	2,1104859E+1	2,4560000E+1	0,0000000E+0	0,0000000E+0	0,0000000E+0	0,0000000E+0	0,0000000E+0
3,5273885E+2	2,8858848E+1	2,8801578E+1	2,1151786E+1	2,1098883E+1	2,4560000E+1	0,0000000E+0	0,0000000E+0	0,0000000E+0	0,0000000E+0	0,0000000E+0
3,5484339E+2	2,8856237E+1	2,8799120E+1	2,1143817E+1	2,1093366E+1	2,4560000E+1	0,0000000E+0	0,0000000E+0	0,0000000E+0	0,0000000E+0	0,0000000E+0
3,5694887E+2	2,8850247E+1	2,8796817E+1	2,1137228E+1	2,1087084E+1	2,4560000E+1	0,0000000E+0	0,0000000E+0	0,0000000E+0	0,0000000E+0	0,0000000E+0
3,5905250E+2	2,8846100E+1	2,8794973E+1	2,1131864E+1	2,1080495E+1	2,4560000E+1	0,0000000E+0	0,0000000E+0	0,0000000E+0	0,0000000E+0	0,0000000E+0
3,6115633E+2	2,8843028E+1	2,8792516E+1	2,1124049E+1	2,1076817E+1	2,4560000E+1	0,0000000E+0	0,0000000E+0	0,0000000E+0	0,0000000E+0	0,0000000E+0
3,6326143E+2	2,8838727E+1	2,8789137E+1	2,1118992E+1	2,1072680E+1	2,4560000E+1	0,0000000E+0	0,0000000E+0	0,0000000E+0	0,0000000E+0	0,0000000E+0
3,6536756E+2	2,8834427E+1	2,8786219E+1	2,1117920E+1	2,1070535E+1	2,4560000E+1	0,0000000E+0	0,0000000E+0	0,0000000E+0	0,0000000E+0	0,0000000E+0
3,6747136E+2	2,8830280E+1	2,8784683E+1	2,1118533E+1	2,1067930E+1	2,4560000E+1	0,0000000E+0	0,0000000E+0	0,0000000E+0	0,0000000E+0	0,0000000E+0
3,6957441E+2	2,8827054E+1	2,8780996E+1	2,1119146E+1	2,1066551E+1	2,4560000E+1	0,0000000E+0	0,0000000E+0	0,0000000E+0	0,0000000E+0	0,0000000E+0
3,7167877E+2	2,8823061E+1	2,8777310E+1	2,1123283E+1	2,1067010E+1	2,4550000E+1	0,0000000E+0	0,0000000E+0	0,0000000E+0	0,0000000E+0	0,0000000E+0
3,7378498E+2	2,8818914E+1	2,8774392E+1	2,1124815E+1	2,1069922E+1	2,4560000E+1	0,0000000E+0	0,0000000E+0	0,0000000E+0	0,0000000E+0	0,0000000E+0
3,7588937E+2	2,8815689E+1	2,8771474E+1	2,1126195E+1	2,1072067E+1	2,4560000E+1	0,0000000E+0	0,0000000E+0	0,0000000E+0	0,0000000E+0	0,0000000E+0
3,7799513E+2	2,8813999E+1	2,8765023E+1	2,1128646E+1	2,1073599E+1	2,4560000E+1	0,0000000E+0	0,0000000E+0	0,0000000E+0	0,0000000E+0	0,0000000E+0
3,8009801E+2	2,8811388E+1	2,8761797E+1	2,1134316E+1	2,1075285E+1	2,4560000E+1	0,0000000E+0	0,0000000E+0	0,0000000E+0	0,0000000E+0	0,0000000E+0
3,8220376E+2	2,8808623E+1	2,8756268E+1	2,1135236E+1	2,1074978E+1	2,4560000E+1	0,0000000E+0	0,0000000E+0	0,0000000E+0	0,0000000E+0	0,0000000E+0
3,8430863E+2	2,8807241E+1	2,8751968E+1	2,1136462E+1	2,1073446E+1	2,4560000E+1	0,0000000E+0	0,0000000E+0	0,0000000E+0	0,0000000E+0	0,0000000E+0
3,8641370E+2	2,8804937E+1	2,8747360E+1	2,1136921E+1	2,1072220E+1	2,4560000E+1	0,0000000E+0	0,0000000E+0	0,0000000E+0	0,0000000E+0	0,0000000E+0
3,8851923E+2	2,8802019E+1	2,8743520E+1	2,1139220E+1	2,1072680E+1	2,4560000E+1	0,0000000E+0	0,0000000E+0	0,0000000E+0	0,0000000E+0	0,0000000E+0
3,9062335E+2	2,8799562E+1	2,8741216E+1	2,1140599E+1	2,1073599E+1	2,4560000E+1	0,0000000E+0	0,0000000E+0	0,0000000E+0	0,0000000E+0	0,0000000E+0
3,9272874E+2	2,8797719E+1	2,8737223E+1	2,1144277E+1	2,1074059E+1	2,4560000E+1	0,0000000E+0	0,0000000E+0	0,0000000E+0	0,0000000E+0	0,0000000E+0
3,9483160E+2	2,8795108E+1	2,8735226E+1	2,1145656E+1	2,1071914E+1	2,4560000E+1	0,0000000E+0	0,0000000E+0	0,0000000E+0	0,0000000E+0	0,0000000E+0
3,9693693E+2	2,8793879E+1	2,8733537E+1	2,1147495E+1	2,1069309E+1	2,4560000E+1	0,0000000E+0	0,0000000E+0	0,0000000E+0	0,0000000E+0	0,0000000E+0
3,9904235E+2	2,8791575E+1	2,8732154E+1	2,1145656E+1	2,1067010E+1	2,4560000E+1	0,0000000E+0	0,0000000E+0	0,0000000E+0	0,0000000E+0	0,0000000E+0
