1,2142792E+0	1,6243000E+1	1,6197557E+1	2,1170481E+1	2,1180557E+1	1,7330000E+1	1,7350000E+0	0,0000000E+0	0,0000000E+0	0,0000000E+0	0,0000000E+0
3,3177142E+0	1,6246979E+1	1,6199700E+1	2,1172167E+1	2,1182549E+1	1,7330000E+1	1,7340000E+0	0,0000000E+0	0,0000000E+0	0,0000000E+0	0,0000000E+0
5,4239182E+0	1,6250192E+1	1,6216379E+1	2,1172933E+1	2,1182702E+1	1,7330000E+1	1,7340000E+0	0,0000000E+0	0,0000000E+0	0,0000000E+0	0,0000000E+0
7,5309978E+0	1,6262740E+1	1,6248360E+1	2,1174006E+1	2,1181783E+1	1,7330000E+1	1,7340000E+0	0,0000000E+0	0,0000000E+0	0,0000000E+0	0,0000000E+0
9,6370640E+0	1,6287682E+1	1,6278046E+1	2,1175998E+1	2,1182549E+1	1,7330000E+1	1,7320000E+0	0,0000000E+0	0,0000000E+0	0,0000000E+0	0,0000000E+0
1,1751896E+1	1,6314613E+1	1,6321046E+1	2,1176764E+1	2,1183008E+1	1,7330000E+1	1,7320000E+0	0,0000000E+0	0,0000000E+0	0,0000000E+0	0,0000000E+0
1,3856853E+1	1,6348125E+1	1,6360067E+1	2,1176151E+1	2,1182395E+1	1,7330000E+1	1,7310000E+0	0,0000000E+0	0,0000000E+0	0,0000000E+0	0,0000000E+0
1,5961255E+1	1,6381943E+1	1,6396794E+1	2,1176611E+1	2,1183008E+1	1,7330000E+1	1,7310000E+0	0,0000000E+0	0,0000000E+0	0,0000000E+0	0,0000000E+0
1,8064458E+1	1,6418668E+1	1,6433061E+1	2,1175079E+1	2,1181016E+1	1,7330000E+1	1,7300000E+0	0,0000000E+0	0,0000000E+0	0,0000000E+0	0,0000000E+0
2,0165221E+1	1,6456313E+1	1,6469177E+1	2,1175998E+1	2,1181323E+1	1,7330000E+1	1,7300000E+0	0,0000000E+0	0,0000000E+0	0,0000000E+0	0,0000000E+0
2,2270570E+1	1,6489520E+1	1,6502691E+1	2,1175692E+1	2,1182395E+1	1,7330000E+1	1,7300000E+0	0,0000000E+0	0,0000000E+0	0,0000000E+0	0,0000000E+0
2,4373872E+1	1,6523339E+1	1,6537888E+1	2,1175385E+1	2,1181323E+1	1,7330000E+1	1,7300000E+0	0,0000000E+0	0,0000000E+0	0,0000000E+0	0,0000000E+0
2,6476750E+1	1,6560525E+1	1,6574464E+1	2,1176151E+1	2,1180250E+1	1,7330000E+1	1,7300000E+0	0,0000000E+0	0,0000000E+0	0,0000000E+0	0,0000000E+0
2,8578726E+1	1,6597100E+1	1,6610733E+1	2,1176764E+1	2,1179944E+1	1,7330000E+1	1,7300000E+0	0,0000000E+0	0,0000000E+0	0,0000000E+0	0,0000000E+0
3,0680562E+1	1,6633063E+1	1,6659706E+1	2,1177071E+1	2,1181323E+1	1,7330000E+1	1,7290000E+0	0,0000000E+0	0,0000000E+0	0,0000000E+0	0,0000000E+0
3,2782189E+1	1,6669638E+1	1,6692762E+1	2,1179369E+1	2,1183315E+1	1,7340000E+1	1,7290000E+0	0,0000000E+0	0,0000000E+0	0,0000000E+0	0,0000000E+0
3,4887051E+1	1,6704072E+1	1,6727044E+1	2,1180595E+1	2,1183928E+1	1,7330000E+1	1,7300000E+0	0,0000000E+0	0,0000000E+0	0,0000000E+0	0,0000000E+0
3,6990863E+1	1,6742178E+1	1,6762397E+1	2,1182741E+1	2,1184694E+1	1,7330000E+1	1,7300000E+0	0,0000000E+0	0,0000000E+0	0,0000000E+0	0,0000000E+0
3,9096504E+1	1,6779214E+1	1,6793465E+1	2,1185959E+1	2,1187606E+1	1,7330000E+1	1,7290000E+0	0,0000000E+0	0,0000000E+0	0,0000000E+0	0,0000000E+0
4,1198510E+1	1,6813802E+1	1,6826982E+1	2,1189177E+1	2,1189138E+1	1,7330000E+1	1,7290000E+0	0,0000000E+0	0,0000000E+0	0,0000000E+0	0,0000000E+0
4,3305763E+1	1,6846859E+1	1,6851623E+1	2,1192548E+1	2,1190977E+1	1,7330000E+1	1,7300000E+0	0,0000000E+0	0,0000000E+0	0,0000000E+0	0,0000000E+0
4,5411273E+1	1,6882213E+1	1,6890038E+1	2,1193621E+1	2,1194808E+1	1,7330000E+1	1,7300000E+0	0,0000000E+0	0,0000000E+0	0,0000000E+0	0,0000000E+0
4,7514724E+1	1,6922464E+1	1,6924934E+1	2,1197452E+1	2,1197566E+1	1,7330000E+1	1,7290000E+0	0,0000000E+0	0,0000000E+0	0,0000000E+0	0,0000000E+0
4,9618989E+1	1,6957971E+1	1,6966870E+1	2,1199597E+1	2,1200477E+1	1,7330000E+1	1,7290000E+0	0,0000000E+0	0,0000000E+0	0,0000000E+0	0,0000000E+0
5,1725516E+1	1,6990571E+1	1,7005899E+1	2,1202969E+1	2,1201550E+1	1,7330000E+1	1,7300000E+0	0,0000000E+0	0,0000000E+0	0,0000000E+0	0,0000000E+0
5,3830553E+1	1,7025926E+1	1,7035439E+1	2,1205268E+1	2,1204308E+1	1,7330000E+1	1,7300000E+0	0,0000000E+0	0,0000000E+0	0,0000000E+0	0,0000000E+0
5,5933985E+1	1,7061587E+1	1,7077224E+1	2,1206340E+1	2,1204921E+1	1,7330000E+1	1,7300000E+0	0,0000000E+0	0,0000000E+0	0,0000000E+0	0,0000000E+0
5,8038099E+1	1,7099698E+1	1,7110591E+1	2,1208332E+1	2,1205841E+1	1,7330000E+1	1,7300000E+0	0,0000000E+0	0,0000000E+0	0,0000000E+0	0,0000000E+0
6,0143225E+1	1,7132758E+1	1,7148856E+1	2,1208486E+1	2,1206607E+1	1,7330000E+1	1,7300000E+0	0,0000000E+0	0,0000000E+0	0,0000000E+0	0,0000000E+0
6,2247281E+1	1,7169492E+1	1,7187734E+1	2,1207719E+1	2,1205075E+1	1,7330000E+1	1,7300000E+0	0,0000000E+0	0,0000000E+0	0,0000000E+0	0,0000000E+0
6,4351573E+1	1,7204696E+1	1,7227837E+1	2,1206034E+1	2,1203236E+1	1,7330000E+1	1,7300000E+0	0,0000000E+0	0,0000000E+0	0,0000000E+0	0,0000000E+0
6,6456227E+1	1,7240359E+1	1,7252175E+1	2,1204655E+1	2,1203542E+1	1,7330000E+1	1,7300000E+0	0,0000000E+0	0,0000000E+0	0,0000000E+0	0,0000000E+0
6,8559383E+1	1,7276023E+1	1,7284472E+1	2,1203122E+1	2,1201857E+1	1,7330000E+1	1,7300000E+0	0,0000000E+0	0,0000000E+0	0,0000000E+0	0,0000000E+0
7,0664217E+1	1,7310462E+1	1,7316004E+1	2,1204195E+1	2,1200937E+1	1,7330000E+1	1,7310000E+0	0,0000000E+0	0,0000000E+0	0,0000000E+0	0,0000000E+0
7,2770639E+1	1,7345667E+1	1,7352129E+1	2,1202509E+1	2,1200324E+1	1,7330000E+1	1,7310000E+0	0,0000000E+0	0,0000000E+0	0,0000000E+0	0,0000000E+0
7,4874557E+1	1,7383169E+1	1,7391774E+1	2,1200517E+1	2,1198332E+1	1,7330000E+1	1,7310000E+0	0,0000000E+0	0,0000000E+0	0,0000000E+0	0,0000000E+0
7,6978639E+1	1,7419293E+1	1,7419634E+1	2,1200057E+1	2,1199252E+1	1,7330000E+1	1,7310000E+0	0,0000000E+0	0,0000000E+0	0,0000000E+0	0,0000000E+0
7,9085113E+1	1,7453734E+1	1,7464944E+1	2,1199444E+1	2,1198332E+1	1,7330000E+1	1,7310000E+0	0,0000000E+0	0,0000000E+0	0,0000000E+0	0,0000000E+0
8,1189422E+1	1,7487717E+1	1,7503060E+1	2,1198218E+1	2,1197872E+1	1,7330000E+1	1,7300000E+0	0,0000000E+0	0,0000000E+0	0,0000000E+0	0,0000000E+0
8,3294886E+1	1,7522005E+1	1,7536737E+1	2,1197452E+1	2,1196646E+1	1,7330000E+1	1,7310000E+0	0,0000000E+0	0,0000000E+0	0,0000000E+0	0,0000000E+0
8,5402194E+1	1,7555988E+1	1,7580518E+1	2,1197146E+1	2,1195421E+1	1,7330000E+1	1,7310000E+0	0,0000000E+0	0,0000000E+0	0,0000000E+0	0,0000000E+0
8,7507926E+1	1,7592727E+1	1,7617258E+1	2,1196533E+1	2,1196187E+1	1,7330000E+1	1,7310000E+0	0,0000000E+0	0,0000000E+0	0,0000000E+0	0,0000000E+0
8,9612058E+1	1,7629466E+1	1,7646497E+1	2,1197605E+1	2,1195574E+1	1,7330000E+1	1,7310000E+0	0,0000000E+0	0,0000000E+0	0,0000000E+0	0,0000000E+0
9,1717510E+1	1,7664062E+1	1,7678339E+1	2,1196226E+1	2,1195267E+1	1,7330000E+1	1,7310000E+0	0,0000000E+0	0,0000000E+0	0,0000000E+0	0,0000000E+0
9,3821471E+1	1,7699730E+1	1,7708497E+1	2,1196533E+1	2,1193888E+1	1,7330000E+1	1,7310000E+0	0,0000000E+0	0,0000000E+0	0,0000000E+0	0,0000000E+0
9,5927191E+1	1,7734174E+1	1,7749219E+1	2,1195153E+1	2,1191896E+1	1,7330000E+1	1,7310000E+0	0,0000000E+0	0,0000000E+0	0,0000000E+0	0,0000000E+0
9,8031822E+1	1,7769383E+1	1,7781521E+1	2,1192548E+1	2,1191743E+1	1,7330000E+1	1,7310000E+0	0,0000000E+0	0,0000000E+0	0,0000000E+0	0,0000000E+0
1,0013773E+2	1,7804440E+1	1,7814741E+1	2,1192242E+1	2,1190057E+1	1,7330000E+1	1,7320000E+0	0,0000000E+0	0,0000000E+0	0,0000000E+0	0,0000000E+0
1,0224167E+2	1,7839345E+1	1,7843370E+1	2,1191322E+1	2,1189751E+1	1,7330000E+1	1,7310000E+0	0,0000000E+0	0,0000000E+0	0,0000000E+0	0,0000000E+0
1,0434589E+2	1,7874708E+1	1,7883021E+1	2,1191322E+1	2,1190211E+1	1,7330000E+1	1,7310000E+0	0,0000000E+0	0,0000000E+0	0,0000000E+0	0,0000000E+0
1,0645076E+2	1,7908848E+1	1,7928644E+1	2,1192089E+1	2,1188525E+1	1,7330000E+1	1,7310000E+0	0,0000000E+0	0,0000000E+0	0,0000000E+0	0,0000000E+0
1,0855546E+2	1,7944672E+1	1,7959111E+1	2,1193161E+1	2,1189291E+1	1,7330000E+1	1,7320000E+0	0,0000000E+0	0,0000000E+0	0,0000000E+0	0,0000000E+0
1,1066017E+2	1,7978046E+1	1,7986362E+1	2,1192702E+1	2,1189138E+1	1,7330000E+1	1,7310000E+0	0,0000000E+0	0,0000000E+0	0,0000000E+0	0,0000000E+0
1,1276650E+2	1,8012953E+1	1,8017901E+1	2,1191629E+1	2,1188678E+1	1,7330000E+1	1,7310000E+0	0,0000000E+0	0,0000000E+0	0,0000000E+0	0,0000000E+0
1,1487005E+2	1,8047859E+1	1,8061535E+1	2,1192242E+1	2,1188525E+1	1,7330000E+1	1,7310000E+0	0,0000000E+0	0,0000000E+0	0,0000000E+0	0,0000000E+0
1,1697482E+2	1,8083531E+1	1,8094912E+1	2,1192242E+1	2,1188678E+1	1,7330000E+1	1,7320000E+0	0,0000000E+0	0,0000000E+0	0,0000000E+0	0,0000000E+0
1,1908009E+2	1,8115529E+1	1,8132882E+1	2,1193315E+1	2,1188065E+1	1,7330000E+1	1,7310000E+0	0,0000000E+0	0,0000000E+0	0,0000000E+0	0,0000000E+0
1,2118517E+2	1,8151662E+1	1,8174221E+1	2,1193927E+1	2,1189291E+1	1,7330000E+1	1,7310000E+0	0,0000000E+0	0,0000000E+0	0,0000000E+0	0,0000000E+0
1,2328943E+2	1,8189478E+1	1,8208058E+1	2,1194694E+1	2,1189598E+1	1,7330000E+1	1,7310000E+0	0,0000000E+0	0,0000000E+0	0,0000000E+0	0,0000000E+0
1,2539325E+2	1,8219487E+1	1,8239752E+1	2,1195307E+1	2,1190057E+1	1,7330000E+1	1,7310000E+0	0,0000000E+0	0,0000000E+0	0,0000000E+0	0,0000000E+0
1,2749747E+2	1,8258070E+1	1,8279255E+1	2,1194234E+1	2,1190364E+1	1,7330000E+1	1,7320000E+0	0,0000000E+0	0,0000000E+0	0,0000000E+0	0,0000000E+0
1,2960308E+2	1,8290070E+1	1,8312634E+1	2,1195766E+1	2,1189751E+1	1,7330000E+1	1,7310000E+0	0,0000000E+0	0,0000000E+0	0,0000000E+0	0,0000000E+0
1,3170905E+2	1,8326510E+1	1,8348310E+1	2,1196226E+1	2,1189138E+1	1,7330000E+1	1,7310000E+0	0,0000000E+0	0,0000000E+0	0,0000000E+0	0,0000000E+0
1,3381200E+2	1,8359889E+1	1,8379852E+1	2,1195766E+1	2,1188985E+1	1,7330000E+1	1,7320000E+0	0,0000000E+0	0,0000000E+0	0,0000000E+0	0,0000000E+0
1,3591399E+2	1,8396636E+1	1,8406954E+1	2,1196992E+1	2,1189751E+1	1,7330000E+1	1,7320000E+0	0,0000000E+0	0,0000000E+0	0,0000000E+0	0,0000000E+0
1,3801812E+2	1,8432159E+1	1,8433903E+1	2,1197146E+1	2,1189904E+1	1,7330000E+1	1,7320000E+0	0,0000000E+0	0,0000000E+0	0,0000000E+0	0,0000000E+0
1,4012261E+2	1,8465385E+1	1,8470959E+1	2,1198525E+1	2,1190823E+1	1,7330000E+1	1,7320000E+0	0,0000000E+0	0,0000000E+0	0,0000000E+0	0,0000000E+0
1,4222871E+2	1,8501215E+1	1,8497143E+1	2,1197759E+1	2,1190364E+1	1,7330000E+1	1,7310000E+0	0,0000000E+0	0,0000000E+0	0,0000000E+0	0,0000000E+0
1,4433409E+2	1,8535974E+1	1,8545989E+1	2,1197299E+1	2,1189751E+1	1,7330000E+1	1,7320000E+0	0,0000000E+0	0,0000000E+0	0,0000000E+0	0,0000000E+0
1,4644252E+2	1,8570273E+1	1,8582127E+1	2,1196533E+1	2,1189138E+1	1,7330000E+1	1,7310000E+0	0,0000000E+0	0,0000000E+0	0,0000000E+0	0,0000000E+0
1,4854861E+2	1,8604726E+1	1,8614284E+1	2,1196992E+1	2,1189598E+1	1,7330000E+1	1,7320000E+0	0,0000000E+0	0,0000000E+0	0,0000000E+0	0,0000000E+0
1,5065494E+2	1,8639791E+1	1,8648432E+1	2,1199444E+1	2,1191283E+1	1,7330000E+1	1,7310000E+0	0,0000000E+0	0,0000000E+0	0,0000000E+0	0,0000000E+0
1,5275972E+2	1,8672714E+1	1,8689624E+1	2,1199444E+1	2,1191436E+1	1,7330000E+1	1,7320000E+0	0,0000000E+0	0,0000000E+0	0,0000000E+0	0,0000000E+0
1,5486527E+2	1,8706249E+1	1,8716116E+1	2,1200977E+1	2,1192816E+1	1,7330000E+1	1,7320000E+0	0,0000000E+0	0,0000000E+0	0,0000000E+0	0,0000000E+0
1,5696998E+2	1,8743153E+1	1,8744599E+1	2,1201896E+1	2,1193122E+1	1,7330000E+1	1,7320000E+0	0,0000000E+0	0,0000000E+0	0,0000000E+0	0,0000000E+0
1,5907511E+2	1,8776229E+1	1,8776911E+1	2,1207719E+1	2,1198639E+1	1,7330000E+1	1,7320000E+0	0,0000000E+0	0,0000000E+0	0,0000000E+0	0,0000000E+0
1,6118167E+2	1,8808540E+1	1,8810294E+1	2,1237909E+1	2,1226988E+1	1,7330000E+1	1,7320000E+0	0,0000000E+0	0,0000000E+0	0,0000000E+0	0,0000000E+0
1,6328664E+2	1,8844986E+1	1,8844291E+1	2,1263960E+1	2,1253345E+1	1,7340000E+1	1,7320000E+0	0,0000000E+0	0,0000000E+0	0,0000000E+0	0,0000000E+0
1,6539162E+2	1,8879289E+1	1,8887170E+1	2,1281584E+1	2,1266677E+1	1,7330000E+1	1,7320000E+0	0,0000000E+0	0,0000000E+0	0,0000000E+0	0,0000000E+0
1,6749626E+2	1,8911907E+1	1,8922852E+1	2,1294303E+1	2,1275411E+1	1,7340000E+1	1,7320000E+0	0,0000000E+0	0,0000000E+0	0,0000000E+0	0,0000000E+0
1,6960131E+2	1,8948354E+1	1,8954706E+1	2,1307636E+1	2,1285832E+1	1,7330000E+1	1,7320000E+0	0,0000000E+0	0,0000000E+0	0,0000000E+0	0,0000000E+0
1,7170474E+2	1,8981586E+1	1,8998659E+1	2,1318517E+1	2,1294873E+1	1,7330000E+1	1,7320000E+0	0,0000000E+0	0,0000000E+0	0,0000000E+0	0,0000000E+0
1,7381060E+2	1,9014664E+1	1,9029288E+1	2,1324187E+1	2,1298704E+1	1,7330000E+1	1,7320000E+0	0,0000000E+0	0,0000000E+0	0,0000000E+0	0,0000000E+0
1,7591540E+2	1,9050040E+1	1,9064665E+1	2,1326026E+1	2,1300390E+1	1,7330000E+1	1,7320000E+0	0,0000000E+0	0,0000000E+0	0,0000000E+0	0,0000000E+0
1,7802060E+2	1,9086642E+1	1,9092232E+1	2,1325719E+1	2,1294107E+1	1,7330000E+1	1,7320000E+0	0,0000000E+0	0,0000000E+0	0,0000000E+0	0,0000000E+0
1,8012484E+2	1,9118956E+1	1,9131439E+1	2,1330777E+1	2,1290276E+1	1,7330000E+1	1,7310000E+0	0,0000000E+0	0,0000000E+0	0,0000000E+0	0,0000000E+0
1,8222984E+2	1,9154487E+1	1,9166971E+1	2,1339512E+1	2,1285985E+1	1,7330000E+1	1,7320000E+0	0,0000000E+0	0,0000000E+0	0,0000000E+0	0,0000000E+0
1,8433340E+2	1,9191089E+1	1,9198214E+1	2,1347174E+1	2,1280468E+1	1,7330000E+1	1,7320000E+0	0,0000000E+0	0,0000000E+0	0,0000000E+0	0,0000000E+0
1,8643889E+2	1,9223251E+1	1,9232827E+1	2,1365718E+1	2,1282001E+1	1,7330000E+1	1,7320000E+0	0,0000000E+0	0,0000000E+0	0,0000000E+0	0,0000000E+0
1,8854364E+2	1,9257711E+1	1,9274027E+1	2,1402805E+1	2,1301156E+1	1,7330000E+1	1,7320000E+0	0,0000000E+0	0,0000000E+0	0,0000000E+0	0,0000000E+0
1,9064765E+2	1,9291558E+1	1,9302514E+1	2,1451999E+1	2,1333490E+1	1,7330000E+1	1,7320000E+0	0,0000000E+0	0,0000000E+0	0,0000000E+0	0,0000000E+0
1,9275140E+2	1,9323874E+1	1,9337588E+1	2,1495984E+1	2,1364599E+1	1,7330000E+1	1,7340000E+0	0,0000000E+0	0,0000000E+0	0,0000000E+0	0,0000000E+0
1,9485598E+2	1,9359560E+1	1,9367761E+1	2,1541961E+1	2,1398619E+1	1,7330000E+1	1,7320000E+0	0,0000000E+0	0,0000000E+0	0,0000000E+0	0,0000000E+0
1,9696011E+2	1,9393408E+1	1,9398700E+1	2,1580736E+1	2,1425897E+1	1,7330000E+1	1,7320000E+0	0,0000000E+0	0,0000000E+0	0,0000000E+0	0,0000000E+0
1,9906392E+2	1,9426950E+1	1,9425504E+1	2,1613228E+1	2,1444440E+1	1,7330000E+1	1,7320000E+0	0,0000000E+0	0,0000000E+0	0,0000000E+0	0,0000000E+0
2,0116881E+2	1,9460646E+1	1,9453840E+1	2,1635144E+1	2,1449191E+1	1,7330000E+1	1,7320000E+0	0,0000000E+0	0,0000000E+0	0,0000000E+0	0,0000000E+0
2,0327346E+2	1,9494801E+1	1,9489987E+1	2,1644340E+1	2,1449804E+1	1,7330000E+1	1,7320000E+0	0,0000000E+0	0,0000000E+0	0,0000000E+0	0,0000000E+0
2,0537981E+2	1,9529111E+1	1,9526595E+1	2,1648478E+1	2,1447505E+1	1,7330000E+1	1,7320000E+0	0,0000000E+0	0,0000000E+0	0,0000000E+0	0,0000000E+0
2,0748498E+2	1,9562654E+1	1,9569789E+1	2,1650011E+1	2,1448271E+1	1,7330000E+1	1,7310000E+0	0,0000000E+0	0,0000000E+0	0,0000000E+0	0,0000000E+0
2,0958960E+2	1,9598955E+1	1,9593378E+1	2,1649245E+1	2,1447812E+1	1,7330000E+1	1,7320000E+0	0,0000000E+0	0,0000000E+0	0,0000000E+0	0,0000000E+0
2,1169464E+2	1,9630968E+1	1,9635654E+1	2,1650011E+1	2,1450110E+1	1,7330000E+1	1,7320000E+0	0,0000000E+0	0,0000000E+0	0,0000000E+0	0,0000000E+0
2,1379984E+2	1,9667729E+1	1,9674714E+1	2,1653689E+1	2,1451183E+1	1,7330000E+1	1,7320000E+0	0,0000000E+0	0,0000000E+0	0,0000000E+0	0,0000000E+0
2,1590503E+2	1,9702040E+1	1,9702132E+1	2,1653842E+1	2,1454401E+1	1,7330000E+1	1,7320000E+0	0,0000000E+0	0,0000000E+0	0,0000000E+0	0,0000000E+0
2,1801034E+2	1,9731909E+1	1,9733534E+1	2,1655835E+1	2,1457466E+1	1,7330000E+1	1,7320000E+0	0,0000000E+0	0,0000000E+0	0,0000000E+0	0,0000000E+0
2,2011414E+2	1,9766680E+1	1,9775046E+1	2,1658440E+1	2,1462677E+1	1,7330000E+1	1,7320000E+0	0,0000000E+0	0,0000000E+0	0,0000000E+0	0,0000000E+0
2,2221819E+2	1,9804055E+1	1,9809972E+1	2,1659053E+1	2,1464669E+1	1,7330000E+1	1,7320000E+0	0,0000000E+0	0,0000000E+0	0,0000000E+0	0,0000000E+0
2,2432217E+2	1,9836529E+1	1,9839230E+1	2,1658440E+1	2,1466661E+1	1,7330000E+1	1,7320000E+0	0,0000000E+0	0,0000000E+0	0,0000000E+0	0,0000000E+0
2,2642674E+2	1,9869157E+1	1,9870173E+1	2,1655528E+1	2,1467121E+1	1,7330000E+1	1,7320000E+0	0,0000000E+0	0,0000000E+0	0,0000000E+0	0,0000000E+0
2,2853137E+2	1,9902244E+1	1,9904027E+1	2,1653996E+1	2,1465895E+1	1,7330000E+1	1,7320000E+0	0,0000000E+0	0,0000000E+0	0,0000000E+0	0,0000000E+0
2,3063609E+2	1,9938089E+1	1,9935890E+1	2,1651850E+1	2,1465282E+1	1,7330000E+1	1,7320000E+0	0,0000000E+0	0,0000000E+0	0,0000000E+0	0,0000000E+0
2,3273983E+2	1,9969952E+1	1,9977864E+1	2,1652003E+1	2,1464209E+1	1,7330000E+1	1,7320000E+0	0,0000000E+0	0,0000000E+0	0,0000000E+0	0,0000000E+0
2,3484580E+2	2,0006257E+1	2,0007890E+1	2,1654149E+1	2,1468807E+1	1,7330000E+1	1,7320000E+0	0,0000000E+0	0,0000000E+0	0,0000000E+0	0,0000000E+0
2,3695158E+2	2,0040265E+1	2,0032707E+1	2,1661046E+1	2,1477848E+1	1,7330000E+1	1,7320000E+0	0,0000000E+0	0,0000000E+0	0,0000000E+0	0,0000000E+0
2,3905747E+2	2,0073048E+1	2,0081270E+1	2,1669782E+1	2,1486430E+1	1,7330000E+1	1,7320000E+0	0,0000000E+0	0,0000000E+0	0,0000000E+0	0,0000000E+0
2,4116111E+2	2,0107823E+1	2,0129220E+1	2,1678825E+1	2,1495472E+1	1,7330000E+1	1,7320000E+0	0,0000000E+0	0,0000000E+0	0,0000000E+0	0,0000000E+0
2,4326482E+2	2,0142291E+1	2,0159553E+1	2,1687867E+1	2,1504974E+1	1,7330000E+1	1,7320000E+0	0,0000000E+0	0,0000000E+0	0,0000000E+0	0,0000000E+0
2,4536960E+2	2,0174003E+1	2,0183759E+1	2,1697830E+1	2,1513249E+1	1,7330000E+1	1,7320000E+0	0,0000000E+0	0,0000000E+0	0,0000000E+0	0,0000000E+0
2,4747485E+2	2,0207706E+1	2,0217616E+1	2,1703807E+1	2,1520146E+1	1,7330000E+1	1,7320000E+0	0,0000000E+0	0,0000000E+0	0,0000000E+0	0,0000000E+0
2,4958048E+2	2,0241869E+1	2,0246878E+1	2,1711777E+1	2,1526889E+1	1,7330000E+1	1,7340000E+0	0,0000000E+0	0,0000000E+0	0,0000000E+0	0,0000000E+0
2,5168531E+2	2,0272815E+1	2,0291613E+1	2,1722659E+1	2,1538076E+1	1,7330000E+1	1,7320000E+0	0,0000000E+0	0,0000000E+0	0,0000000E+0	0,0000000E+0
2,5378971E+2	2,0306673E+1	2,0319497E+1	2,1739825E+1	2,1554321E+1	1,7330000E+1	1,7320000E+0	0,0000000E+0	0,0000000E+0	0,0000000E+0	0,0000000E+0
2,5589511E+2	2,0341603E+1	2,0353509E+1	2,1745189E+1	2,1560298E+1	1,7330000E+1	1,7320000E+0	0,0000000E+0	0,0000000E+0	0,0000000E+0	0,0000000E+0
2,5799976E+2	2,0375308E+1	2,0386602E+1	2,1748255E+1	2,1565202E+1	1,7330000E+1	1,7320000E+0	0,0000000E+0	0,0000000E+0	0,0000000E+0	0,0000000E+0
2,6010445E+2	2,0409473E+1	2,0413260E+1	2,1756071E+1	2,1573938E+1	1,7330000E+1	1,7320000E+0	0,0000000E+0	0,0000000E+0	0,0000000E+0	0,0000000E+0
2,6220953E+2	2,0444710E+1	2,0432412E+1	2,1766034E+1	2,1584052E+1	1,7330000E+1	1,7340000E+0	0,0000000E+0	0,0000000E+0	0,0000000E+0	0,0000000E+0
2,6431506E+2	2,0477190E+1	2,0470715E+1	2,1773851E+1	2,1590336E+1	1,7330000E+1	1,7320000E+0	0,0000000E+0	0,0000000E+0	0,0000000E+0	0,0000000E+0
2,6641919E+2	2,0510131E+1	2,0511623E+1	2,1777529E+1	2,1595547E+1	1,7330000E+1	1,7320000E+0	0,0000000E+0	0,0000000E+0	0,0000000E+0	0,0000000E+0
2,6852543E+2	2,0544910E+1	2,0553757E+1	2,1778295E+1	2,1597845E+1	1,7330000E+1	1,7320000E+0	0,0000000E+0	0,0000000E+0	0,0000000E+0	0,0000000E+0
2,7062994E+2	2,0577851E+1	2,0574901E+1	2,1778602E+1	2,1601523E+1	1,7330000E+1	1,7320000E+0	0,0000000E+0	0,0000000E+0	0,0000000E+0	0,0000000E+0
2,7273485E+2	2,0611098E+1	2,0612287E+1	2,1779215E+1	2,1603976E+1	1,7330000E+1	1,7320000E+0	0,0000000E+0	0,0000000E+0	0,0000000E+0	0,0000000E+0
2,7483965E+2	2,0647870E+1	2,0652431E+1	2,1778142E+1	2,1605202E+1	1,7330000E+1	1,7320000E+0	0,0000000E+0	0,0000000E+0	0,0000000E+0	0,0000000E+0
2,7694476E+2	2,0679740E+1	2,0677712E+1	2,1778142E+1	2,1608573E+1	1,7330000E+1	1,7320000E+0	0,0000000E+0	0,0000000E+0	0,0000000E+0	0,0000000E+0
2,7905150E+2	2,0711456E+1	2,0720308E+1	2,1779368E+1	2,1612558E+1	1,7330000E+1	1,7320000E+0	0,0000000E+0	0,0000000E+0	0,0000000E+0	0,0000000E+0
2,8115646E+2	2,0746237E+1	2,0748195E+1	2,1782280E+1	2,1615163E+1	1,7330000E+1	1,7320000E+0	0,0000000E+0	0,0000000E+0	0,0000000E+0	0,0000000E+0
2,8326166E+2	2,0779640E+1	2,0786808E+1	2,1784426E+1	2,1616543E+1	1,7330000E+1	1,7320000E+0	0,0000000E+0	0,0000000E+0	0,0000000E+0	0,0000000E+0
2,8536838E+2	2,0815954E+1	2,0805502E+1	2,1784733E+1	2,1617309E+1	1,7330000E+1	1,7320000E+0	0,0000000E+0	0,0000000E+0	0,0000000E+0	0,0000000E+0
2,8747625E+2	2,0846599E+1	2,0834309E+1	2,1785193E+1	2,1619914E+1	1,7330000E+1	1,7340000E+0	0,0000000E+0	0,0000000E+0	0,0000000E+0	0,0000000E+0
2,8958124E+2	2,0881688E+1	2,0873843E+1	2,1787492E+1	2,1621753E+1	1,7330000E+1	1,7340000E+0	0,0000000E+0	0,0000000E+0	0,0000000E+0	0,0000000E+0
2,9168637E+2	2,0915551E+1	2,0899892E+1	2,1789944E+1	2,1624205E+1	1,7330000E+1	1,7320000E+0	0,0000000E+0	0,0000000E+0	0,0000000E+0	0,0000000E+0
2,9379136E+2	2,0949875E+1	2,0929773E+1	2,1785193E+1	2,1623286E+1	1,7340000E+1	1,7320000E+0	0,0000000E+0	0,0000000E+0	0,0000000E+0	0,0000000E+0
2,9589670E+2	2,0984352E+1	2,0964251E+1	2,1782127E+1	2,1622979E+1	1,7330000E+1	1,7320000E+0	0,0000000E+0	0,0000000E+0	0,0000000E+0	0,0000000E+0
2,9800110E+2	2,1016225E+1	2,1005011E+1	2,1777529E+1	2,1618995E+1	1,7330000E+1	1,7320000E+0	0,0000000E+0	0,0000000E+0	0,0000000E+0	0,0000000E+0
3,0010529E+2	2,1051162E+1	2,1045466E+1	2,1772165E+1	2,1616236E+1	1,7330000E+1	1,7320000E+0	0,0000000E+0	0,0000000E+0	0,0000000E+0	0,0000000E+0
3,0221043E+2	2,1083189E+1	2,1085615E+1	2,1765881E+1	2,1615776E+1	1,7330000E+1	1,7320000E+0	0,0000000E+0	0,0000000E+0	0,0000000E+0	0,0000000E+0
3,0431473E+2	2,1114909E+1	2,1116570E+1	2,1759903E+1	2,1613937E+1	1,7330000E+1	1,7320000E+0	0,0000000E+0	0,0000000E+0	0,0000000E+0	0,0000000E+0
3,0642034E+2	2,1149081E+1	2,1145686E+1	2,1753772E+1	2,1610259E+1	1,7330000E+1	1,7340000E+0	0,0000000E+0	0,0000000E+0	0,0000000E+0	0,0000000E+0
3,0852334E+2	2,1180955E+1	2,1176029E+1	2,1750400E+1	2,1604589E+1	1,7330000E+1	1,7320000E+0	0,0000000E+0	0,0000000E+0	0,0000000E+0	0,0000000E+0
3,1062771E+2	2,1215741E+1	2,1207904E+1	2,1744116E+1	2,1598765E+1	1,7330000E+1	1,7320000E+0	0,0000000E+0	0,0000000E+0	0,0000000E+0	0,0000000E+0
3,1273420E+2	2,1248995E+1	2,1237787E+1	2,1735380E+1	2,1593707E+1	1,7330000E+1	1,7320000E+0	0,0000000E+0	0,0000000E+0	0,0000000E+0	0,0000000E+0
3,1483963E+2	2,1283629E+1	2,1265372E+1	2,1728943E+1	2,1587731E+1	1,7330000E+1	1,7320000E+0	0,0000000E+0	0,0000000E+0	0,0000000E+0	0,0000000E+0
3,1694359E+2	2,1315198E+1	2,1300007E+1	2,1723425E+1	2,1583593E+1	1,7330000E+1	1,7320000E+0	0,0000000E+0	0,0000000E+0	0,0000000E+0	0,0000000E+0
3,1904896E+2	2,1350751E+1	2,1331270E+1	2,1716375E+1	2,1577003E+1	1,7330000E+1	1,7320000E+0	0,0000000E+0	0,0000000E+0	0,0000000E+0	0,0000000E+0
3,2115312E+2	2,1382168E+1	2,1361921E+1	2,1708865E+1	2,1571332E+1	1,7330000E+1	1,7340000E+0	0,0000000E+0	0,0000000E+0	0,0000000E+0	0,0000000E+0
3,2325695E+2	2,1417875E+1	2,1393491E+1	2,1701815E+1	2,1563516E+1	1,7340000E+1	1,7340000E+0	0,0000000E+0	0,0000000E+0	0,0000000E+0	0,0000000E+0
3,2536250E+2	2,1447453E+1	2,1425521E+1	2,1692465E+1	2,1557693E+1	1,7330000E+1	1,7320000E+0	0,0000000E+0	0,0000000E+0	0,0000000E+0	0,0000000E+0
3,2746489E+2	2,1482548E+1	2,1456786E+1	2,1685568E+1	2,1547578E+1	1,7330000E+1	1,7320000E+0	0,0000000E+0	0,0000000E+0	0,0000000E+0	0,0000000E+0
3,2956850E+2	2,1516724E+1	2,1491422E+1	2,1675453E+1	2,1539762E+1	1,7330000E+1	1,7340000E+0	0,0000000E+0	0,0000000E+0	0,0000000E+0	0,0000000E+0
3,3167269E+2	2,1550748E+1	2,1529738E+1	2,1662732E+1	2,1527808E+1	1,7330000E+1	1,7340000E+0	0,0000000E+0	0,0000000E+0	0,0000000E+0	0,0000000E+0
3,3377824E+2	2,1581706E+1	2,1557018E+1	2,1648325E+1	2,1513862E+1	1,7330000E+1	1,7340000E+0	0,0000000E+0	0,0000000E+0	0,0000000E+0	0,0000000E+0
3,3588472E+2	2,1616190E+1	2,1595794E+1	2,1633765E+1	2,1502062E+1	1,7330000E+1	1,7340000E+0	0,0000000E+0	0,0000000E+0	0,0000000E+0	0,0000000E+0
3,3798958E+2	2,1648221E+1	2,1627980E+1	2,1621964E+1	2,1492561E+1	1,7330000E+1	1,7340000E+0	0,0000000E+0	0,0000000E+0	0,0000000E+0	0,0000000E+0
3,4009530E+2	2,1681479E+1	2,1661085E+1	2,1611082E+1	2,1484132E+1	1,7330000E+1	1,7340000E+0	0,0000000E+0	0,0000000E+0	0,0000000E+0	0,0000000E+0
3,4220019E+2	2,1716117E+1	2,1696490E+1	2,1603419E+1	2,1478155E+1	1,7330000E+1	1,7340000E+0	0,0000000E+0	0,0000000E+0	0,0000000E+0	0,0000000E+0
3,4430521E+2	2,1747997E+1	2,1734041E+1	2,1593763E+1	2,1468194E+1	1,7330000E+1	1,7340000E+0	0,0000000E+0	0,0000000E+0	0,0000000E+0	0,0000000E+0
3,4640904E+2	2,1780950E+1	2,1764542E+1	2,1585947E+1	2,1456700E+1	1,7330000E+1	1,7340000E+0	0,0000000E+0	0,0000000E+0	0,0000000E+0	0,0000000E+0
3,4851306E+2	2,1813136E+1	2,1793664E+1	2,1575525E+1	2,1447812E+1	1,7330000E+1	1,7320000E+0	0,0000000E+0	0,0000000E+0	0,0000000E+0	0,0000000E+0
3,5061897E+2	2,1848082E+1	2,1825238E+1	2,1566330E+1	2,1439383E+1	1,7330000E+1	1,7320000E+0	0,0000000E+0	0,0000000E+0	0,0000000E+0	0,0000000E+0
3,5272554E+2	2,1878583E+1	2,1851295E+1	2,1557134E+1	2,1428349E+1	1,7330000E+1	1,7340000E+0	0,0000000E+0	0,0000000E+0	0,0000000E+0	0,0000000E+0
3,5483086E+2	2,1914603E+1	2,1894826E+1	2,1549011E+1	2,1420993E+1	1,7330000E+1	1,7340000E+0	0,0000000E+0	0,0000000E+0	0,0000000E+0	0,0000000E+0
3,5693457E+2	2,1947404E+1	2,1929927E+1	2,1540275E+1	2,1411185E+1	1,7330000E+1	1,7340000E+0	0,0000000E+0	0,0000000E+0	0,0000000E+0	0,0000000E+0
3,5903919E+2	2,1979439E+1	2,1957057E+1	2,1527861E+1	2,1399385E+1	1,7330000E+1	1,7320000E+0	0,0000000E+0	0,0000000E+0	0,0000000E+0	0,0000000E+0
3,6114313E+2	2,2011474E+1	2,1992312E+1	2,1516367E+1	2,1387739E+1	1,7330000E+1	1,7340000E+0	0,0000000E+0	0,0000000E+0	0,0000000E+0	0,0000000E+0
3,6324823E+2	2,2044889E+1	2,2018677E+1	2,1509470E+1	2,1380230E+1	1,7330000E+1	1,7340000E+0	0,0000000E+0	0,0000000E+0	0,0000000E+0	0,0000000E+0
3,6535313E+2	2,2079377E+1	2,2051633E+1	2,1502421E+1	2,1370575E+1	1,7330000E+1	1,7340000E+0	0,0000000E+0	0,0000000E+0	0,0000000E+0	0,0000000E+0
3,6745748E+2	2,2111260E+1	2,2093787E+1	2,1494758E+1	2,1359695E+1	1,7330000E+1	1,7320000E+0	0,0000000E+0	0,0000000E+0	0,0000000E+0	0,0000000E+0
3,6956299E+2	2,2145749E+1	2,2128277E+1	2,1488627E+1	2,1354178E+1	1,7340000E+1	1,7340000E+0	0,0000000E+0	0,0000000E+0	0,0000000E+0	0,0000000E+0
3,7166718E+2	2,2178246E+1	2,2154796E+1	2,1481884E+1	2,1348355E+1	1,7330000E+1	1,7320000E+0	0,0000000E+0	0,0000000E+0	0,0000000E+0	0,0000000E+0
3,7377138E+2	2,2211203E+1	2,2186527E+1	2,1473455E+1	2,1340846E+1	1,7330000E+1	1,7340000E+0	0,0000000E+0	0,0000000E+0	0,0000000E+0	0,0000000E+0
3,7587638E+2	2,2243240E+1	2,2215039E+1	2,1463800E+1	2,1332111E+1	1,7330000E+1	1,7320000E+0	0,0000000E+0	0,0000000E+0	0,0000000E+0	0,0000000E+0
3,7798033E+2	2,2280030E+1	2,2249377E+1	2,1455064E+1	2,1324295E+1	1,7330000E+1	1,7340000E+0	0,0000000E+0	0,0000000E+0	0,0000000E+0	0,0000000E+0
3,8008444E+2	2,2310535E+1	2,2287854E+1	2,1446176E+1	2,1317093E+1	1,7330000E+1	1,7340000E+0	0,0000000E+0	0,0000000E+0	0,0000000E+0	0,0000000E+0
3,8218896E+2	2,2343493E+1	2,2323879E+1	2,1439892E+1	2,1311117E+1	1,7330000E+1	1,7340000E+0	0,0000000E+0	0,0000000E+0	0,0000000E+0	0,0000000E+0
3,8429127E+2	2,2376605E+1	2,2359904E+1	2,1434835E+1	2,1306826E+1	1,7330000E+1	1,7340000E+0	0,0000000E+0	0,0000000E+0	0,0000000E+0	0,0000000E+0
3,8639604E+2	2,2406651E+1	2,2386731E+1	2,1432536E+1	2,1302995E+1	1,7330000E+1	1,7340000E+0	0,0000000E+0	0,0000000E+0	0,0000000E+0	0,0000000E+0
3,8850054E+2	2,2439457E+1	2,2424750E+1	2,1431003E+1	2,1300390E+1	1,7330000E+1	1,7340000E+0	0,0000000E+0	0,0000000E+0	0,0000000E+0	0,0000000E+0
3,9060642E+2	2,2473490E+1	2,2451425E+1	2,1431157E+1	2,1297631E+1	1,7330000E+1	1,7320000E+0	0,0000000E+0	0,0000000E+0	0,0000000E+0	0,0000000E+0
3,9271300E+2	2,2506450E+1	2,2485458E+1	2,1429011E+1	2,1296405E+1	1,7330000E+1	1,7340000E+0	0,0000000E+0	0,0000000E+0	0,0000000E+0	0,0000000E+0
3,9481966E+2	2,2539563E+1	2,2522558E+1	2,1426559E+1	2,1294107E+1	1,7330000E+1	1,7340000E+0	0,0000000E+0	0,0000000E+0	0,0000000E+0	0,0000000E+0
3,9692275E+2	2,2570224E+1	2,2555059E+1	2,1423494E+1	2,1292728E+1	1,7330000E+1	1,7320000E+0	0,0000000E+0	0,0000000E+0	0,0000000E+0	0,0000000E+0
3,9902734E+2	2,2605484E+1	2,2582962E+1	2,1419356E+1	2,1289203E+1	1,7330000E+1	1,7320000E+0	0,0000000E+0	0,0000000E+0	0,0000000E+0	0,0000000E+0
4,0113277E+2	2,2635686E+1	2,2618070E+1	2,1413226E+1	2,1285678E+1	1,7330000E+1	1,7340000E+0	0,0000000E+0	0,0000000E+0	0,0000000E+0	0,0000000E+0
4,0323675E+2	2,2670333E+1	2,2649039E+1	2,1406023E+1	2,1281081E+1	1,7330000E+1	1,7340000E+0	0,0000000E+0	0,0000000E+0	0,0000000E+0	0,0000000E+0
4,0534220E+2	2,2701302E+1	2,2679088E+1	2,1398820E+1	2,1276637E+1	1,7330000E+1	1,7340000E+0	0,0000000E+0	0,0000000E+0	0,0000000E+0	0,0000000E+0
4,0744540E+2	2,2736410E+1	2,2716957E+1	2,1391617E+1	2,1271887E+1	1,7330000E+1	1,7340000E+0	0,0000000E+0	0,0000000E+0	0,0000000E+0	0,0000000E+0
4,0954880E+2	2,2767073E+1	2,2749920E+1	2,1384721E+1	2,1269741E+1	1,7330000E+1	1,7320000E+0	0,0000000E+0	0,0000000E+0	0,0000000E+0	0,0000000E+0
4,1165488E+2	2,2801416E+1	2,2782883E+1	2,1378131E+1	2,1270201E+1	1,7330000E+1	1,7340000E+0	0,0000000E+0	0,0000000E+0	0,0000000E+0	0,0000000E+0
4,1376043E+2	2,2833305E+1	2,2809867E+1	2,1374913E+1	2,1267596E+1	1,7330000E+1	1,7320000E+0	0,0000000E+0	0,0000000E+0	0,0000000E+0	0,0000000E+0
4,1586602E+2	2,2865809E+1	2,2848657E+1	2,1372461E+1	2,1266217E+1	1,7330000E+1	1,7320000E+0	0,0000000E+0	0,0000000E+0	0,0000000E+0	0,0000000E+0
4,1797140E+2	2,2896779E+1	2,2881468E+1	2,1367710E+1	2,1261773E+1	1,7330000E+1	1,7340000E+0	0,0000000E+0	0,0000000E+0	0,0000000E+0	0,0000000E+0
4,2007563E+2	2,2931889E+1	2,2910600E+1	2,1360967E+1	2,1253345E+1	1,7330000E+1	1,7340000E+0	0,0000000E+0	0,0000000E+0	0,0000000E+0	0,0000000E+0
4,2218176E+2	2,2963167E+1	2,2938045E+1	2,1348860E+1	2,1244304E+1	1,7330000E+1	1,7340000E+0	0,0000000E+0	0,0000000E+0	0,0000000E+0	0,0000000E+0
4,2428761E+2	2,2996745E+1	2,2967943E+1	2,1339052E+1	2,1235875E+1	1,7330000E+1	1,7340000E+0	0,0000000E+0	0,0000000E+0	0,0000000E+0	0,0000000E+0
4,2639290E+2	2,3028483E+1	2,2999989E+1	2,1330623E+1	2,1229133E+1	1,7330000E+1	1,7340000E+0	0,0000000E+0	0,0000000E+0	0,0000000E+0	0,0000000E+0
4,2849921E+2	2,3061755E+1	2,3031268E+1	2,1322195E+1	2,1221471E+1	1,7340000E+1	1,7340000E+0	0,0000000E+0	0,0000000E+0	0,0000000E+0	0,0000000E+0
4,3060354E+2	2,3094874E+1	2,3063008E+1	2,1314226E+1	2,1212890E+1	1,7330000E+1	1,7340000E+0	0,0000000E+0	0,0000000E+0	0,0000000E+0	0,0000000E+0
4,3270898E+2	2,3125693E+1	2,3108087E+1	2,1304571E+1	2,1204462E+1	1,7330000E+1	1,7340000E+0	0,0000000E+0	0,0000000E+0	0,0000000E+0	0,0000000E+0
4,3481318E+2	2,3161266E+1	2,3138141E+1	2,1294610E+1	2,1197872E+1	1,7330000E+1	1,7340000E+0	0,0000000E+0	0,0000000E+0	0,0000000E+0	0,0000000E+0
4,3692058E+2	2,3191933E+1	2,3164208E+1	2,1290932E+1	2,1196340E+1	1,7330000E+1	1,7340000E+0	0,0000000E+0	0,0000000E+0	0,0000000E+0	0,0000000E+0
4,3902415E+2	2,3225206E+1	2,3210055E+1	2,1292005E+1	2,1201550E+1	1,7330000E+1	1,7340000E+0	0,0000000E+0	0,0000000E+0	0,0000000E+0	0,0000000E+0
4,4112916E+2	2,3257407E+1	2,3238576E+1	2,1295529E+1	2,1207373E+1	1,7330000E+1	1,7340000E+0	0,0000000E+0	0,0000000E+0	0,0000000E+0	0,0000000E+0
4,4323606E+2	2,3304941E+1	2,3278752E+1	2,1296142E+1	2,1208752E+1	1,7330000E+1	1,7340000E+0	0,0000000E+0	0,0000000E+0	0,0000000E+0	0,0000000E+0
4,4534135E+2	2,3346649E+1	2,3388086E+1	2,1297062E+1	2,1211664E+1	1,7340000E+1	1,7320000E+0	0,0000000E+0	0,0000000E+0	0,0000000E+0	0,0000000E+0
4,4744673E+2	2,3415040E+1	2,3440070E+1	2,1299361E+1	2,1212736E+1	1,7330000E+1	1,7320000E+0	0,0000000E+0	0,0000000E+0	0,0000000E+0	0,0000000E+0
4,4955201E+2	2,3433748E+1	2,3472427E+1	2,1296602E+1	2,1212583E+1	1,7330000E+1	1,7320000E+0	0,0000000E+0	0,0000000E+0	0,0000000E+0	0,0000000E+0
4,5165556E+2	2,3435588E+1	2,3434090E+1	2,1292618E+1	2,1212736E+1	1,7330000E+1	1,7320000E+0	0,0000000E+0	0,0000000E+0	0,0000000E+0	0,0000000E+0
4,5376163E+2	2,3452916E+1	2,3438844E+1	2,1290319E+1	2,1211970E+1	1,7330000E+1	1,7340000E+0	0,0000000E+0	0,0000000E+0	0,0000000E+0	0,0000000E+0
4,5586647E+2	2,3481285E+1	2,3464453E+1	2,1287407E+1	2,1209518E+1	1,7330000E+1	1,7340000E+0	0,0000000E+0	0,0000000E+0	0,0000000E+0	0,0000000E+0
4,5797135E+2	2,3507814E+1	2,3499263E+1	2,1283423E+1	2,1206913E+1	1,7330000E+1	1,7320000E+0	0,0000000E+0	0,0000000E+0	0,0000000E+0	0,0000000E+0
4,6007575E+2	2,3540937E+1	2,3532848E+1	2,1279898E+1	2,1204002E+1	1,7330000E+1	1,7340000E+0	0,0000000E+0	0,0000000E+0	0,0000000E+0	0,0000000E+0
4,6217942E+2	2,3573447E+1	2,3568426E+1	2,1275147E+1	2,1200631E+1	1,7330000E+1	1,7320000E+0	0,0000000E+0	0,0000000E+0	0,0000000E+0	0,0000000E+0
4,6428443E+2	2,3608565E+1	2,3604157E+1	2,1267638E+1	2,1193429E+1	1,7330000E+1	1,7340000E+0	0,0000000E+0	0,0000000E+0	0,0000000E+0	0,0000000E+0
4,6638935E+2	2,3637395E+1	2,3625321E+1	2,1258290E+1	2,1185460E+1	1,7330000E+1	1,7340000E+0	0,0000000E+0	0,0000000E+0	0,0000000E+0	0,0000000E+0
4,6849503E+2	2,3670827E+1	2,3670714E+1	2,1248942E+1	2,1176113E+1	1,7330000E+1	1,7340000E+0	0,0000000E+0	0,0000000E+0	0,0000000E+0	0,0000000E+0
4,7060043E+2	2,3703798E+1	2,3690191E+1	2,1238062E+1	2,1167225E+1	1,7330000E+1	1,7340000E+0	0,0000000E+0	0,0000000E+0	0,0000000E+0	0,0000000E+0
4,7270705E+2	2,3736923E+1	2,3721323E+1	2,1229174E+1	2,1158491E+1	1,7340000E+1	1,7340000E+0	0,0000000E+0	0,0000000E+0	0,0000000E+0	0,0000000E+0
4,7481102E+2	2,3768055E+1	2,3746321E+1	2,1221052E+1	2,1150829E+1	1,7330000E+1	1,7340000E+0	0,0000000E+0	0,0000000E+0	0,0000000E+0	0,0000000E+0
4,7691621E+2	2,3805015E+1	2,3781902E+1	2,1214922E+1	2,1144240E+1	1,7330000E+1	1,7340000E+0	0,0000000E+0	0,0000000E+0	0,0000000E+0	0,0000000E+0
4,7902223E+2	2,3840135E+1	2,3816869E+1	2,1208332E+1	2,1137651E+1	1,7330000E+1	1,7340000E+0	0,0000000E+0	0,0000000E+0	0,0000000E+0	0,0000000E+0
4,8112638E+2	2,3869121E+1	2,3846162E+1	2,1202203E+1	2,1132900E+1	1,7330000E+1	1,7340000E+0	0,0000000E+0	0,0000000E+0	0,0000000E+0	0,0000000E+0
4,8323098E+2	2,3903321E+1	2,3881897E+1	2,1199597E+1	2,1131062E+1	1,7330000E+1	1,7340000E+0	0,0000000E+0	0,0000000E+0	0,0000000E+0	0,0000000E+0
4,8533603E+2	2,3935374E+1	2,3917938E+1	2,1197146E+1	2,1126924E+1	1,7330000E+1	1,7340000E+0	0,0000000E+0	0,0000000E+0	0,0000000E+0	0,0000000E+0
4,8744104E+2	2,3966815E+1	2,3956588E+1	2,1193161E+1	2,1121714E+1	1,7330000E+1	1,7340000E+0	0,0000000E+0	0,0000000E+0	0,0000000E+0	0,0000000E+0
4,8954543E+2	2,4000096E+1	2,3987416E+1	2,1188717E+1	2,1118803E+1	1,7330000E+1	1,7340000E+0	0,0000000E+0	0,0000000E+0	0,0000000E+0	0,0000000E+0
4,9165128E+2	2,4030924E+1	2,4017324E+1	2,1183047E+1	2,1112980E+1	1,7330000E+1	1,7340000E+0	0,0000000E+0	0,0000000E+0	0,0000000E+0	0,0000000E+0
4,9375734E+2	2,4065739E+1	2,4043244E+1	2,1179676E+1	2,1110528E+1	1,7330000E+1	1,7340000E+0	0,0000000E+0	0,0000000E+0	0,0000000E+0	0,0000000E+0
4,9586379E+2	2,4098408E+1	2,4080208E+1	2,1180289E+1	2,1109302E+1	1,7330000E+1	1,7340000E+0	0,0000000E+0	0,0000000E+0	0,0000000E+0	0,0000000E+0
4,9797038E+2	2,4130923E+1	2,4107049E+1	2,1181975E+1	2,1111754E+1	1,7330000E+1	1,7340000E+0	0,0000000E+0	0,0000000E+0	0,0000000E+0	0,0000000E+0
5,0007448E+2	2,4161752E+1	2,4139412E+1	2,1182741E+1	2,1114512E+1	1,7330000E+1	1,7340000E+0	0,0000000E+0	0,0000000E+0	0,0000000E+0	0,0000000E+0
5,0217901E+2	2,4192428E+1	2,4169935E+1	2,1185499E+1	2,1115891E+1	1,7330000E+1	1,7340000E+0	0,0000000E+0	0,0000000E+0	0,0000000E+0	0,0000000E+0
5,0428542E+2	2,4227092E+1	2,4198311E+1	2,1188870E+1	2,1120029E+1	1,7330000E+1	1,7340000E+0	0,0000000E+0	0,0000000E+0	0,0000000E+0	0,0000000E+0
5,0639038E+2	2,4259455E+1	2,4232055E+1	2,1191935E+1	2,1121714E+1	1,7330000E+1	1,7340000E+0	0,0000000E+0	0,0000000E+0	0,0000000E+0	0,0000000E+0
5,0849585E+2	2,4290132E+1	2,4261352E+1	2,1195460E+1	2,1122174E+1	1,7330000E+1	1,7340000E+0	0,0000000E+0	0,0000000E+0	0,0000000E+0	0,0000000E+0
5,1060020E+2	2,4322035E+1	2,4296324E+1	2,1202969E+1	2,1132287E+1	1,7330000E+1	1,7340000E+0	0,0000000E+0	0,0000000E+0	0,0000000E+0	0,0000000E+0
5,1270384E+2	2,4351485E+1	2,4332831E+1	2,1216761E+1	2,1148071E+1	1,7330000E+1	1,7340000E+0	0,0000000E+0	0,0000000E+0	0,0000000E+0	0,0000000E+0
5,1480802E+2	2,4387071E+1	2,4363049E+1	2,1223350E+1	2,1157112E+1	1,7340000E+1	1,7340000E+0	0,0000000E+0	0,0000000E+0	0,0000000E+0	0,0000000E+0
5,1691226E+2	2,4419743E+1	2,4394034E+1	2,1225496E+1	2,1157878E+1	1,7330000E+1	1,7340000E+0	0,0000000E+0	0,0000000E+0	0,0000000E+0	0,0000000E+0
5,1901818E+2	2,4451341E+1	2,4424559E+1	2,1220439E+1	2,1154660E+1	1,7330000E+1	1,7340000E+0	0,0000000E+0	0,0000000E+0	0,0000000E+0	0,0000000E+0
5,2112524E+2	2,4484474E+1	2,4453704E+1	2,1217067E+1	2,1151135E+1	1,7330000E+1	1,7340000E+0	0,0000000E+0	0,0000000E+0	0,0000000E+0	0,0000000E+0
5,2322967E+2	2,4514079E+1	2,4496041E+1	2,1214922E+1	2,1149756E+1	1,7330000E+1	1,7340000E+0	0,0000000E+0	0,0000000E+0	0,0000000E+0	0,0000000E+0
5,2533398E+2	2,4545831E+1	2,4517670E+1	2,1213083E+1	2,1147764E+1	1,7330000E+1	1,7340000E+0	0,0000000E+0	0,0000000E+0	0,0000000E+0	0,0000000E+0
5,2743943E+2	2,4579578E+1	2,4550037E+1	2,1214922E+1	2,1149450E+1	1,7330000E+1	1,7340000E+0	0,0000000E+0	0,0000000E+0	0,0000000E+0	0,0000000E+0
5,2954543E+2	2,4609184E+1	2,4577342E+1	2,1217221E+1	2,1157724E+1	1,7330000E+1	1,7340000E+0	0,0000000E+0	0,0000000E+0	0,0000000E+0	0,0000000E+0
5,3165084E+2	2,4643239E+1	2,4617073E+1	2,1216914E+1	2,1161249E+1	1,7330000E+1	1,7340000E+0	0,0000000E+0	0,0000000E+0	0,0000000E+0	0,0000000E+0
5,3375496E+2	2,4676220E+1	2,4644532E+1	2,1215688E+1	2,1164314E+1	1,7330000E+1	1,7340000E+0	0,0000000E+0	0,0000000E+0	0,0000000E+0	0,0000000E+0
5,3586168E+2	2,4708587E+1	2,4675366E+1	2,1217221E+1	2,1170290E+1	1,7330000E+1	1,7340000E+0	0,0000000E+0	0,0000000E+0	0,0000000E+0	0,0000000E+0
5,3796782E+2	2,4741262E+1	2,4708962E+1	2,1215688E+1	2,1169983E+1	1,7330000E+1	1,7340000E+0	0,0000000E+0	0,0000000E+0	0,0000000E+0	0,0000000E+0
5,4007378E+2	2,4773631E+1	2,4744092E+1	2,1212776E+1	2,1169370E+1	1,7330000E+1	1,7340000E+0	0,0000000E+0	0,0000000E+0	0,0000000E+0	0,0000000E+0
5,4218008E+2	2,4802931E+1	2,4794871E+1	2,1211704E+1	2,1168451E+1	1,7330000E+1	1,7340000E+0	0,0000000E+0	0,0000000E+0	0,0000000E+0	0,0000000E+0
5,4428465E+2	2,4837141E+1	2,4827701E+1	2,1211857E+1	2,1169370E+1	1,7330000E+1	1,7340000E+0	0,0000000E+0	0,0000000E+0	0,0000000E+0	0,0000000E+0
5,4638879E+2	2,4868743E+1	2,4847491E+1	2,1213696E+1	2,1173508E+1	1,7330000E+1	1,7340000E+0	0,0000000E+0	0,0000000E+0	0,0000000E+0	0,0000000E+0
5,4849392E+2	2,4899732E+1	2,4882316E+1	2,1217527E+1	2,1182702E+1	1,7330000E+1	1,7340000E+0	0,0000000E+0	0,0000000E+0	0,0000000E+0	0,0000000E+0
5,5059844E+2	2,4930261E+1	2,4917295E+1	2,1227181E+1	2,1192356E+1	1,7330000E+1	1,7340000E+0	0,0000000E+0	0,0000000E+0	0,0000000E+0	0,0000000E+0
5,5270388E+2	2,4962478E+1	2,4948285E+1	2,1229480E+1	2,1197566E+1	1,7330000E+1	1,7340000E+0	0,0000000E+0	0,0000000E+0	0,0000000E+0	0,0000000E+0
5,5480860E+2	2,4993621E+1	2,4971758E+1	2,1232392E+1	2,1199405E+1	1,7330000E+1	1,7340000E+0	0,0000000E+0	0,0000000E+0	0,0000000E+0	0,0000000E+0
5,5691438E+2	2,5024765E+1	2,5003822E+1	2,1233771E+1	2,1200937E+1	1,7330000E+1	1,7320000E+0	0,0000000E+0	0,0000000E+0	0,0000000E+0	0,0000000E+0
5,5902181E+2	2,5059898E+1	2,5030978E+1	2,1236376E+1	2,1202776E+1	1,7330000E+1	1,7340000E+0	0,0000000E+0	0,0000000E+0	0,0000000E+0	0,0000000E+0
5,6112476E+2	2,5093650E+1	2,5071788E+1	2,1237602E+1	2,1204308E+1	1,7330000E+1	1,7340000E+0	0,0000000E+0	0,0000000E+0	0,0000000E+0	0,0000000E+0
5,6322947E+2	2,5123874E+1	2,5097256E+1	2,1240207E+1	2,1205687E+1	1,7330000E+1	1,7340000E+0	0,0000000E+0	0,0000000E+0	0,0000000E+0	0,0000000E+0
5,6533481E+2	2,5154558E+1	2,5132851E+1	2,1246337E+1	2,1214575E+1	1,7330000E+1	1,7320000E+0	0,0000000E+0	0,0000000E+0	0,0000000E+0	0,0000000E+0
5,6743993E+2	2,5188618E+1	2,5160621E+1	2,1255532E+1	2,1234650E+1	1,7330000E+1	1,7340000E+0	0,0000000E+0	0,0000000E+0	0,0000000E+0	0,0000000E+0
5,6954532E+2	2,5216695E+1	2,5191614E+1	2,1263960E+1	2,1248901E+1	1,7330000E+1	1,7340000E+0	0,0000000E+0	0,0000000E+0	0,0000000E+0	0,0000000E+0
5,7165306E+2	2,5248914E+1	2,5233807E+1	2,1267792E+1	2,1254111E+1	1,7330000E+1	1,7340000E+0	0,0000000E+0	0,0000000E+0	0,0000000E+0	0,0000000E+0
5,7375895E+2	2,5283436E+1	2,5262191E+1	2,1270397E+1	2,1255030E+1	1,7330000E+1	1,7340000E+0	0,0000000E+0	0,0000000E+0	0,0000000E+0	0,0000000E+0
5,7586316E+2	2,5312280E+1	2,5291650E+1	2,1274075E+1	2,1262079E+1	1,7330000E+1	1,7340000E+0	0,0000000E+0	0,0000000E+0	0,0000000E+0	0,0000000E+0
5,7796830E+2	2,5345728E+1	2,5327707E+1	2,1281124E+1	2,1267136E+1	1,7330000E+1	1,7340000E+0	0,0000000E+0	0,0000000E+0	0,0000000E+0	0,0000000E+0
5,8007244E+2	2,5376108E+1	2,5363765E+1	2,1282044E+1	2,1267596E+1	1,7330000E+1	1,7340000E+0	0,0000000E+0	0,0000000E+0	0,0000000E+0	0,0000000E+0
5,8217719E+2	2,5408176E+1	2,5386320E+1	2,1279898E+1	2,1263612E+1	1,7330000E+1	1,7340000E+0	0,0000000E+0	0,0000000E+0	0,0000000E+0	0,0000000E+0
5,8428119E+2	2,5441011E+1	2,5411330E+1	2,1277906E+1	2,1257635E+1	1,7330000E+1	1,7340000E+0	0,0000000E+0	0,0000000E+0	0,0000000E+0	0,0000000E+0
5,8638630E+2	2,5472158E+1	2,5441865E+1	2,1274688E+1	2,1252885E+1	1,7330000E+1	1,7340000E+0	0,0000000E+0	0,0000000E+0	0,0000000E+0	0,0000000E+0
5,8849222E+2	2,5504074E+1	2,5471172E+1	2,1275147E+1	2,1248135E+1	1,7330000E+1	1,7340000E+0	0,0000000E+0	0,0000000E+0	0,0000000E+0	0,0000000E+0
5,9059824E+2	2,5537063E+1	2,5507691E+1	2,1276527E+1	2,1252579E+1	1,7330000E+1	1,7340000E+0	0,0000000E+0	0,0000000E+0	0,0000000E+0	0,0000000E+0
5,9270416E+2	2,5566677E+1	2,5540988E+1	2,1276833E+1	2,1254111E+1	1,7330000E+1	1,7340000E+0	0,0000000E+0	0,0000000E+0	0,0000000E+0	0,0000000E+0
5,9480913E+2	2,5599514E+1	2,5566000E+1	2,1274381E+1	2,1248441E+1	1,7340000E+1	1,7320000E+0	0,0000000E+0	0,0000000E+0	0,0000000E+0	0,0000000E+0
5,9691386E+2	2,5631737E+1	2,5604515E+1	2,1271776E+1	2,1244763E+1	1,7330000E+1	1,7320000E+0	0,0000000E+0	0,0000000E+0	0,0000000E+0	0,0000000E+0
5,9901873E+2	2,5661812E+1	2,5640422E+1	2,1270703E+1	2,1239706E+1	1,7330000E+1	1,7340000E+0	0,0000000E+0	0,0000000E+0	0,0000000E+0	0,0000000E+0
6,0112444E+2	2,5693883E+1	2,5671572E+1	2,1267332E+1	2,1233730E+1	1,7330000E+1	1,7340000E+0	0,0000000E+0	0,0000000E+0	0,0000000E+0	0,0000000E+0
6,0323069E+2	2,5725340E+1	2,5707173E+1	2,1260742E+1	2,1225762E+1	1,7330000E+1	1,7320000E+0	0,0000000E+0	0,0000000E+0	0,0000000E+0	0,0000000E+0
6,0533596E+2	2,5756183E+1	2,5738477E+1	2,1250935E+1	2,1218253E+1	1,7330000E+1	1,7340000E+0	0,0000000E+0	0,0000000E+0	0,0000000E+0	0,0000000E+0
6,0744196E+2	2,5788561E+1	2,5763644E+1	2,1245264E+1	2,1212277E+1	1,7330000E+1	1,7340000E+0	0,0000000E+0	0,0000000E+0	0,0000000E+0	0,0000000E+0
6,0954712E+2	2,5821707E+1	2,5792647E+1	2,1238828E+1	2,1206300E+1	1,7330000E+1	1,7340000E+0	0,0000000E+0	0,0000000E+0	0,0000000E+0	0,0000000E+0
6,1165005E+2	2,5851324E+1	2,5831778E+1	2,1229787E+1	2,1198792E+1	1,7330000E+1	1,7320000E+0	0,0000000E+0	0,0000000E+0	0,0000000E+0	0,0000000E+0
6,1375577E+2	2,5884163E+1	2,5864005E+1	2,1224423E+1	2,1190211E+1	1,7330000E+1	1,7340000E+0	0,0000000E+0	0,0000000E+0	0,0000000E+0	0,0000000E+0
6,1585998E+2	2,5915622E+1	2,5896691E+1	2,1216301E+1	2,1183008E+1	1,7330000E+1	1,7340000E+0	0,0000000E+0	0,0000000E+0	0,0000000E+0	0,0000000E+0
6,1796469E+2	2,5948922E+1	2,5925235E+1	2,1210018E+1	2,1177645E+1	1,7330000E+1	1,7340000E+0	0,0000000E+0	0,0000000E+0	0,0000000E+0	0,0000000E+0
6,2007078E+2	2,5978693E+1	2,5965136E+1	2,1205268E+1	2,1170750E+1	1,7330000E+1	1,7340000E+0	0,0000000E+0	0,0000000E+0	0,0000000E+0	0,0000000E+0
6,2217653E+2	2,6010767E+1	2,5990611E+1	2,1199138E+1	2,1166306E+1	1,7330000E+1	1,7320000E+0	0,0000000E+0	0,0000000E+0	0,0000000E+0	0,0000000E+0
6,2428165E+2	2,6040845E+1	2,6023452E+1	2,1193008E+1	2,1162015E+1	1,7330000E+1	1,7320000E+0	0,0000000E+0	0,0000000E+0	0,0000000E+0	0,0000000E+0
6,2638748E+2	2,6075375E+1	2,6050002E+1	2,1189483E+1	2,1157265E+1	1,7330000E+1	1,7320000E+0	0,0000000E+0	0,0000000E+0	0,0000000E+0	0,0000000E+0
6,2849395E+2	2,6103919E+1	2,6073022E+1	2,1186112E+1	2,1154813E+1	1,7330000E+1	1,7340000E+0	0,0000000E+0	0,0000000E+0	0,0000000E+0	0,0000000E+0
6,3059883E+2	2,6136148E+1	2,6113845E+1	2,1184733E+1	2,1153587E+1	1,7330000E+1	1,7340000E+0	0,0000000E+0	0,0000000E+0	0,0000000E+0	0,0000000E+0
6,3270313E+2	2,6166995E+1	2,6150218E+1	2,1183354E+1	2,1151902E+1	1,7330000E+1	1,7340000E+0	0,0000000E+0	0,0000000E+0	0,0000000E+0	0,0000000E+0
6,3480846E+2	2,6197689E+1	2,6177690E+1	2,1182894E+1	2,1149909E+1	1,7330000E+1	1,7320000E+0	0,0000000E+0	0,0000000E+0	0,0000000E+0	0,0000000E+0
6,3691317E+2	2,6232834E+1	2,6214063E+1	2,1181515E+1	2,1147917E+1	1,7330000E+1	1,7340000E+0	0,0000000E+0	0,0000000E+0	0,0000000E+0	0,0000000E+0
6,3901794E+2	2,6262761E+1	2,6241228E+1	2,1178450E+1	2,1145619E+1	1,7330000E+1	1,7320000E+0	0,0000000E+0	0,0000000E+0	0,0000000E+0	0,0000000E+0
6,4112021E+2	2,6295451E+1	2,6273612E+1	2,1177071E+1	2,1143933E+1	1,7330000E+1	1,7320000E+0	0,0000000E+0	0,0000000E+0	0,0000000E+0	0,0000000E+0
6,4322518E+2	2,6329062E+1	2,6303080E+1	2,1172933E+1	2,1142554E+1	1,7330000E+1	1,7320000E+0	0,0000000E+0	0,0000000E+0	0,0000000E+0	0,0000000E+0
