1.2157278E+0	1.3852196E+1	1.3806112E+1	2.0797204E+1	2.1431567E+1	1.7330000E+1	1.7150000E+0	0.0000000E+0	0.0000000E+0	0.0000000E+0	0.0000000E+0
3.3209310E+0	1.3856324E+1	1.3808406E+1	2.0767325E+1	2.1421759E+1	1.7430000E+1	1.7260000E+0	0.0000000E+0	0.0000000E+0	0.0000000E+0	0.0000000E+0
5.4261360E+0	1.3863358E+1	1.3820485E+1	2.0738059E+1	2.1411798E+1	1.7430000E+1	1.7260000E+0	0.0000000E+0	0.0000000E+0	0.0000000E+0	0.0000000E+0
7.5312152E+0	1.3876355E+1	1.3844951E+1	2.0711858E+1	2.1401684E+1	1.7430000E+1	1.7260000E+0	0.0000000E+0	0.0000000E+0	0.0000000E+0	0.0000000E+0
9.6369743E+0	1.3900209E+1	1.3879204E+1	2.0691020E+1	2.1392949E+1	1.7430000E+1	1.7270000E+0	0.0000000E+0	0.0000000E+0	0.0000000E+0	0.0000000E+0
1.1752303E+1	1.3929568E+1	1.3906422E+1	2.0671408E+1	2.1385900E+1	1.7430000E+1	1.7260000E+0	0.0000000E+0	0.0000000E+0	0.0000000E+0	0.0000000E+0
1.3858968E+1	1.3961527E+1	1.3936241E+1	2.0656086E+1	2.1380230E+1	1.7430000E+1	1.7270000E+0	0.0000000E+0	0.0000000E+0	0.0000000E+0	0.0000000E+0
1.5965544E+1	1.3990733E+1	1.3980893E+1	2.0640611E+1	2.1374560E+1	1.7430000E+1	1.7270000E+0	0.0000000E+0	0.0000000E+0	0.0000000E+0	0.0000000E+0
1.8069684E+1	1.4026363E+1	1.4018205E+1	2.0626668E+1	2.1369196E+1	1.7430000E+1	1.7270000E+0	0.0000000E+0	0.0000000E+0	0.0000000E+0	0.0000000E+0
2.0175309E+1	1.4064286E+1	1.4055365E+1	2.0610887E+1	2.1359388E+1	1.7430000E+1	1.7290000E+0	0.0000000E+0	0.0000000E+0	0.0000000E+0	0.0000000E+0
2.2279438E+1	1.4101140E+1	1.4088243E+1	2.0595412E+1	2.1351573E+1	1.7430000E+1	1.7290000E+0	0.0000000E+0	0.0000000E+0	0.0000000E+0	0.0000000E+0
2.4385050E+1	1.4138146E+1	1.4116228E+1	2.0582235E+1	2.1341918E+1	1.7430000E+1	1.7290000E+0	0.0000000E+0	0.0000000E+0	0.0000000E+0	0.0000000E+0
2.6490526E+1	1.4177294E+1	1.4155683E+1	2.0579018E+1	2.1332571E+1	1.7430000E+1	1.7290000E+0	0.0000000E+0	0.0000000E+0	0.0000000E+0	0.0000000E+0
2.8595837E+1	1.4211855E+1	1.4190550E+1	2.0596638E+1	2.1329046E+1	1.7430000E+1	1.7290000E+0	0.0000000E+0	0.0000000E+0	0.0000000E+0	0.0000000E+0
3.0700300E+1	1.4246722E+1	1.4231841E+1	2.0626668E+1	2.1327360E+1	1.7430000E+1	1.7290000E+0	0.0000000E+0	0.0000000E+0	0.0000000E+0	0.0000000E+0
3.2805620E+1	1.4282507E+1	1.4271755E+1	2.0657925E+1	2.1327820E+1	1.7430000E+1	1.7290000E+0	0.0000000E+0	0.0000000E+0	0.0000000E+0	0.0000000E+0
3.4910053E+1	1.4318598E+1	1.4303106E+1	2.0685351E+1	2.1329506E+1	1.7430000E+1	1.7290000E+0	0.0000000E+0	0.0000000E+0	0.0000000E+0	0.0000000E+0
3.7015364E+1	1.4356525E+1	1.4343940E+1	2.0711092E+1	2.1331191E+1	1.7430000E+1	1.7300000E+0	0.0000000E+0	0.0000000E+0	0.0000000E+0	0.0000000E+0
3.9119811E+1	1.4391852E+1	1.4379421E+1	2.0732696E+1	2.1333797E+1	1.7430000E+1	1.7300000E+0	0.0000000E+0	0.0000000E+0	0.0000000E+0	0.0000000E+0
4.1225118E+1	1.4426568E+1	1.4410161E+1	2.0752462E+1	2.1335482E+1	1.7430000E+1	1.7300000E+0	0.0000000E+0	0.0000000E+0	0.0000000E+0	0.0000000E+0
4.3329516E+1	1.4463731E+1	1.4443349E+1	2.0771768E+1	2.1335023E+1	1.7430000E+1	1.7300000E+0	0.0000000E+0	0.0000000E+0	0.0000000E+0	0.0000000E+0
4.5434890E+1	1.4498448E+1	1.4476231E+1	2.0784946E+1	2.1335635E+1	1.7430000E+1	1.7300000E+0	0.0000000E+0	0.0000000E+0	0.0000000E+0	0.0000000E+0
4.7539797E+1	1.4536683E+1	1.4512172E+1	2.0791381E+1	2.1328280E+1	1.7430000E+1	1.7300000E+0	0.0000000E+0	0.0000000E+0	0.0000000E+0	0.0000000E+0
4.9644633E+1	1.4574459E+1	1.4550561E+1	2.0794292E+1	2.1321997E+1	1.7420000E+1	1.7310000E+0	0.0000000E+0	0.0000000E+0	0.0000000E+0	0.0000000E+0
5.1749242E+1	1.4609330E+1	1.4586503E+1	2.0794292E+1	2.1317859E+1	1.7430000E+1	1.7310000E+0	0.0000000E+0	0.0000000E+0	0.0000000E+0	0.0000000E+0
5.3854401E+1	1.4642824E+1	1.4627645E+1	2.0792300E+1	2.1313109E+1	1.7430000E+1	1.7300000E+0	0.0000000E+0	0.0000000E+0	0.0000000E+0	0.0000000E+0
5.5958826E+1	1.4680449E+1	1.4671083E+1	2.0789083E+1	2.1307592E+1	1.7430000E+1	1.7310000E+0	0.0000000E+0	0.0000000E+0	0.0000000E+0	0.0000000E+0
5.8064127E+1	1.4717003E+1	1.4704885E+1	2.0789849E+1	2.1300849E+1	1.7440000E+1	1.7310000E+0	0.0000000E+0	0.0000000E+0	0.0000000E+0	0.0000000E+0
6.0168624E+1	1.4750958E+1	1.4746335E+1	2.0790002E+1	2.1296559E+1	1.7430000E+1	1.7310000E+0	0.0000000E+0	0.0000000E+0	0.0000000E+0	0.0000000E+0
6.2273870E+1	1.4788430E+1	1.4772948E+1	2.0792147E+1	2.1293800E+1	1.7440000E+1	1.7310000E+0	0.0000000E+0	0.0000000E+0	0.0000000E+0	0.0000000E+0
6.4380340E+1	1.4824680E+1	1.4805375E+1	2.0796591E+1	2.1291655E+1	1.7430000E+1	1.7310000E+0	0.0000000E+0	0.0000000E+0	0.0000000E+0	0.0000000E+0
6.6484966E+1	1.4863071E+1	1.4840708E+1	2.0799502E+1	2.1287517E+1	1.7430000E+1	1.7310000E+0	0.0000000E+0	0.0000000E+0	0.0000000E+0	0.0000000E+0
6.8589157E+1	1.4897180E+1	1.4881089E+1	2.0799808E+1	2.1282307E+1	1.7430000E+1	1.7310000E+0	0.0000000E+0	0.0000000E+0	0.0000000E+0	0.0000000E+0
7.0694721E+1	1.4932054E+1	1.4927894E+1	2.0796591E+1	2.1278783E+1	1.7430000E+1	1.7310000E+0	0.0000000E+0	0.0000000E+0	0.0000000E+0	0.0000000E+0
7.2799871E+1	1.4968611E+1	1.4955122E+1	2.0792454E+1	2.1271121E+1	1.7430000E+1	1.7310000E+0	0.0000000E+0	0.0000000E+0	0.0000000E+0	0.0000000E+0
7.4902841E+1	1.5003792E+1	1.4991527E+1	2.0788010E+1	2.1265144E+1	1.7430000E+1	1.7320000E+0	0.0000000E+0	0.0000000E+0	0.0000000E+0	0.0000000E+0
7.7008902E+1	1.5040350E+1	1.5020437E+1	2.0783260E+1	2.1258095E+1	1.7430000E+1	1.7340000E+0	0.0000000E+0	0.0000000E+0	0.0000000E+0	0.0000000E+0
7.9113916E+1	1.5075531E+1	1.5056996E+1	2.0779123E+1	2.1251659E+1	1.7430000E+1	1.7340000E+0	0.0000000E+0	0.0000000E+0	0.0000000E+0	0.0000000E+0
8.1218080E+1	1.5111325E+1	1.5094626E+1	2.0772228E+1	2.1242311E+1	1.7430000E+1	1.7340000E+0	0.0000000E+0	0.0000000E+0	0.0000000E+0	0.0000000E+0
8.3323849E+1	1.5147272E+1	1.5127973E+1	2.0766099E+1	2.1234650E+1	1.7430000E+1	1.7340000E+0	0.0000000E+0	0.0000000E+0	0.0000000E+0	0.0000000E+0
8.5429484E+1	1.5182149E+1	1.5170193E+1	2.0760736E+1	2.1226834E+1	1.7430000E+1	1.7340000E+0	0.0000000E+0	0.0000000E+0	0.0000000E+0	0.0000000E+0
8.7536062E+1	1.5215343E+1	1.5206295E+1	2.0755067E+1	2.1219172E+1	1.7430000E+1	1.7340000E+0	0.0000000E+0	0.0000000E+0	0.0000000E+0	0.0000000E+0
8.9642195E+1	1.5249762E+1	1.5235360E+1	2.0748632E+1	2.1211664E+1	1.7430000E+1	1.7340000E+0	0.0000000E+0	0.0000000E+0	0.0000000E+0	0.0000000E+0
9.1747893E+1	1.5283874E+1	1.5268556E+1	2.0746333E+1	2.1207986E+1	1.7430000E+1	1.7340000E+0	0.0000000E+0	0.0000000E+0	0.0000000E+0	0.0000000E+0
9.3852269E+1	1.5321353E+1	1.5305270E+1	2.0747406E+1	2.1208752E+1	1.7430000E+1	1.7340000E+0	0.0000000E+0	0.0000000E+0	0.0000000E+0	0.0000000E+0
9.5957244E+1	1.5360668E+1	1.5338314E+1	2.0751083E+1	2.1211970E+1	1.7430000E+1	1.7340000E+0	0.0000000E+0	0.0000000E+0	0.0000000E+0	0.0000000E+0
9.8063975E+1	1.5396924E+1	1.5371205E+1	2.0755833E+1	2.1217640E+1	1.7430000E+1	1.7340000E+0	0.0000000E+0	0.0000000E+0	0.0000000E+0	0.0000000E+0
1.0017073E+2	1.5435168E+1	1.5415722E+1	2.0763035E+1	2.1220092E+1	1.7440000E+1	1.7340000E+0	0.0000000E+0	0.0000000E+0	0.0000000E+0	0.0000000E+0
1.0227716E+2	1.5470201E+1	1.5449379E+1	2.0766865E+1	2.1220858E+1	1.7430000E+1	1.7340000E+0	0.0000000E+0	0.0000000E+0	0.0000000E+0	0.0000000E+0
1.0438237E+2	1.5503704E+1	1.5485025E+1	2.0766406E+1	2.1219019E+1	1.7430000E+1	1.7340000E+0	0.0000000E+0	0.0000000E+0	0.0000000E+0	0.0000000E+0
1.0648815E+2	1.5539655E+1	1.5520824E+1	2.0761809E+1	2.1213349E+1	1.7430000E+1	1.7340000E+0	0.0000000E+0	0.0000000E+0	0.0000000E+0	0.0000000E+0
1.0859370E+2	1.5572853E+1	1.5558918E+1	2.0759664E+1	2.1206913E+1	1.7430000E+1	1.7340000E+0	0.0000000E+0	0.0000000E+0	0.0000000E+0	0.0000000E+0
1.1069980E+2	1.5608805E+1	1.5591505E+1	2.0754607E+1	2.1203236E+1	1.7430000E+1	1.7340000E+0	0.0000000E+0	0.0000000E+0	0.0000000E+0	0.0000000E+0
1.1280585E+2	1.5643228E+1	1.5621032E+1	2.0751083E+1	2.1202470E+1	1.7430000E+1	1.7340000E+0	0.0000000E+0	0.0000000E+0	0.0000000E+0	0.0000000E+0
1.1491091E+2	1.5679793E+1	1.5653314E+1	2.0747099E+1	2.1201550E+1	1.7430000E+1	1.7340000E+0	0.0000000E+0	0.0000000E+0	0.0000000E+0	0.0000000E+0
1.1701536E+2	1.5715899E+1	1.5692939E+1	2.0743422E+1	2.1196340E+1	1.7430000E+1	1.7340000E+0	0.0000000E+0	0.0000000E+0	0.0000000E+0	0.0000000E+0
1.1912163E+2	1.5752158E+1	1.5730730E+1	2.0742656E+1	2.1197413E+1	1.7430000E+1	1.7340000E+0	0.0000000E+0	0.0000000E+0	0.0000000E+0	0.0000000E+0
1.2122606E+2	1.5789948E+1	1.5761023E+1	2.0740204E+1	2.1189598E+1	1.7430000E+1	1.7340000E+0	0.0000000E+0	0.0000000E+0	0.0000000E+0	0.0000000E+0
1.2333174E+2	1.5824372E+1	1.5802792E+1	2.0732543E+1	2.1182242E+1	1.7430000E+1	1.7340000E+0	0.0000000E+0	0.0000000E+0	0.0000000E+0	0.0000000E+0
1.2543631E+2	1.5859256E+1	1.5841349E+1	2.0729172E+1	2.1177645E+1	1.7430000E+1	1.7340000E+0	0.0000000E+0	0.0000000E+0	0.0000000E+0	0.0000000E+0
1.2753983E+2	1.5889856E+1	1.5881742E+1	2.0726414E+1	2.1175806E+1	1.7430000E+1	1.7340000E+0	0.0000000E+0	0.0000000E+0	0.0000000E+0	0.0000000E+0
1.2964691E+2	1.5924587E+1	1.5909894E+1	2.0721971E+1	2.1174734E+1	1.7430000E+1	1.7350000E+0	0.0000000E+0	0.0000000E+0	0.0000000E+0	0.0000000E+0
1.3175125E+2	1.5958860E+1	1.5946157E+1	2.0716455E+1	2.1173508E+1	1.7430000E+1	1.7340000E+0	0.0000000E+0	0.0000000E+0	0.0000000E+0	0.0000000E+0
1.3385637E+2	1.5993745E+1	1.5984103E+1	2.0715689E+1	2.1172588E+1	1.7430000E+1	1.7340000E+0	0.0000000E+0	0.0000000E+0	0.0000000E+0	0.0000000E+0
1.3596105E+2	1.6030773E+1	1.6016235E+1	2.0715842E+1	2.1169983E+1	1.7430000E+1	1.7340000E+0	0.0000000E+0	0.0000000E+0	0.0000000E+0	0.0000000E+0
1.3806641E+2	1.6067036E+1	1.6048061E+1	2.0714463E+1	2.1168911E+1	1.7430000E+1	1.7340000E+0	0.0000000E+0	0.0000000E+0	0.0000000E+0	0.0000000E+0
1.4017208E+2	1.6102687E+1	1.6084631E+1	2.0713544E+1	2.1169217E+1	1.7430000E+1	1.7340000E+0	0.0000000E+0	0.0000000E+0	0.0000000E+0	0.0000000E+0
1.4227793E+2	1.6137114E+1	1.6114622E+1	2.0716608E+1	2.1171669E+1	1.7440000E+1	1.7340000E+0	0.0000000E+0	0.0000000E+0	0.0000000E+0	0.0000000E+0
1.4438285E+2	1.6172001E+1	1.6157161E+1	2.0714923E+1	2.1173048E+1	1.7430000E+1	1.7340000E+0	0.0000000E+0	0.0000000E+0	0.0000000E+0	0.0000000E+0
1.4648887E+2	1.6206430E+1	1.6193732E+1	2.0714616E+1	2.1173661E+1	1.7430000E+1	1.7340000E+0	0.0000000E+0	0.0000000E+0	0.0000000E+0	0.0000000E+0
1.4859354E+2	1.6240399E+1	1.6222959E+1	2.0713237E+1	2.1172435E+1	1.7430000E+1	1.7340000E+0	0.0000000E+0	0.0000000E+0	0.0000000E+0	0.0000000E+0
1.5069741E+2	1.6277582E+1	1.6255399E+1	2.0711092E+1	2.1169983E+1	1.7430000E+1	1.7340000E+0	0.0000000E+0	0.0000000E+0	0.0000000E+0	0.0000000E+0
1.5280071E+2	1.6313848E+1	1.6286768E+1	2.0709713E+1	2.1166459E+1	1.7430000E+1	1.7340000E+0	0.0000000E+0	0.0000000E+0	0.0000000E+0	0.0000000E+0
1.5490606E+2	1.6347819E+1	1.6329921E+1	2.0704504E+1	2.1163088E+1	1.7430000E+1	1.7340000E+0	0.0000000E+0	0.0000000E+0	0.0000000E+0	0.0000000E+0
1.5701173E+2	1.6381943E+1	1.6373380E+1	2.0696843E+1	2.1158031E+1	1.7430000E+1	1.7340000E+0	0.0000000E+0	0.0000000E+0	0.0000000E+0	0.0000000E+0
1.5911969E+2	1.6417750E+1	1.6407353E+1	2.0691786E+1	2.1153587E+1	1.7430000E+1	1.7340000E+0	0.0000000E+0	0.0000000E+0	0.0000000E+0	0.0000000E+0
1.6122478E+2	1.6451875E+1	1.6435816E+1	2.0685045E+1	2.1148071E+1	1.7430000E+1	1.7340000E+0	0.0000000E+0	0.0000000E+0	0.0000000E+0	0.0000000E+0
1.6332909E+2	1.6484623E+1	1.6470860E+1	2.0679682E+1	2.1143933E+1	1.7430000E+1	1.7340000E+0	0.0000000E+0	0.0000000E+0	0.0000000E+0	0.0000000E+0
1.6543550E+2	1.6522115E+1	1.6509730E+1	2.0675698E+1	2.1143167E+1	1.7430000E+1	1.7340000E+0	0.0000000E+0	0.0000000E+0	0.0000000E+0	0.0000000E+0
1.6754240E+2	1.6557159E+1	1.6547529E+1	2.0672481E+1	2.1145159E+1	1.7430000E+1	1.7340000E+0	0.0000000E+0	0.0000000E+0	0.0000000E+0	0.0000000E+0
1.6964769E+2	1.6592356E+1	1.6578749E+1	2.0670335E+1	2.1146538E+1	1.7430000E+1	1.7340000E+0	0.0000000E+0	0.0000000E+0	0.0000000E+0	0.0000000E+0
1.7175351E+2	1.6625717E+1	1.6611651E+1	2.0668037E+1	2.1148837E+1	1.7430000E+1	1.7340000E+0	0.0000000E+0	0.0000000E+0	0.0000000E+0	0.0000000E+0
1.7385879E+2	1.6661068E+1	1.6648687E+1	2.0663594E+1	2.1146692E+1	1.7430000E+1	1.7340000E+0	0.0000000E+0	0.0000000E+0	0.0000000E+0	0.0000000E+0
1.7596431E+2	1.6701623E+1	1.6679142E+1	2.0659457E+1	2.1146845E+1	1.7430000E+1	1.7340000E+0	0.0000000E+0	0.0000000E+0	0.0000000E+0	0.0000000E+0
1.7806923E+2	1.6736210E+1	1.6715260E+1	2.0655933E+1	2.1150982E+1	1.7430000E+1	1.7340000E+0	0.0000000E+0	0.0000000E+0	0.0000000E+0	0.0000000E+0
1.8017269E+2	1.6768501E+1	1.6746633E+1	2.0652102E+1	2.1153281E+1	1.7430000E+1	1.7340000E+0	0.0000000E+0	0.0000000E+0	0.0000000E+0	0.0000000E+0
1.8227914E+2	1.6800181E+1	1.6781680E+1	2.0646740E+1	2.1156039E+1	1.7430000E+1	1.7340000E+0	0.0000000E+0	0.0000000E+0	0.0000000E+0	0.0000000E+0
1.8438176E+2	1.6836299E+1	1.6815045E+1	2.0640764E+1	2.1156192E+1	1.7430000E+1	1.7320000E+0	0.0000000E+0	0.0000000E+0	0.0000000E+0	0.0000000E+0
1.8648754E+2	1.6869204E+1	1.6857439E+1	2.0634176E+1	2.1155579E+1	1.7430000E+1	1.7340000E+0	0.0000000E+0	0.0000000E+0	0.0000000E+0	0.0000000E+0
1.8859319E+2	1.6904863E+1	1.6889273E+1	2.0631111E+1	2.1153434E+1	1.7430000E+1	1.7340000E+0	0.0000000E+0	0.0000000E+0	0.0000000E+0	0.0000000E+0
1.9069734E+2	1.6940370E+1	1.6917740E+1	2.0626975E+1	2.1152821E+1	1.7430000E+1	1.7340000E+0	0.0000000E+0	0.0000000E+0	0.0000000E+0	0.0000000E+0
1.9280255E+2	1.6975113E+1	1.6953555E+1	2.0623757E+1	2.1151595E+1	1.7430000E+1	1.7340000E+0	0.0000000E+0	0.0000000E+0	0.0000000E+0	0.0000000E+0
1.9490781E+2	1.7007253E+1	1.6991359E+1	2.0623604E+1	2.1151748E+1	1.7430000E+1	1.7340000E+0	0.0000000E+0	0.0000000E+0	0.0000000E+0	0.0000000E+0
1.9701329E+2	1.7041231E+1	1.7030847E+1	2.0623757E+1	2.1149450E+1	1.7430000E+1	1.7340000E+0	0.0000000E+0	0.0000000E+0	0.0000000E+0	0.0000000E+0
1.9911933E+2	1.7079648E+1	1.7064214E+1	2.0623604E+1	2.1150216E+1	1.7430000E+1	1.7340000E+0	0.0000000E+0	0.0000000E+0	0.0000000E+0	0.0000000E+0
2.0122458E+2	1.7113932E+1	1.7102479E+1	2.0621306E+1	2.1150063E+1	1.7420000E+1	1.7340000E+0	0.0000000E+0	0.0000000E+0	0.0000000E+0	0.0000000E+0
2.0332938E+2	1.7146992E+1	1.7131560E+1	2.0619161E+1	2.1152668E+1	1.7430000E+1	1.7340000E+0	0.0000000E+0	0.0000000E+0	0.0000000E+0	0.0000000E+0
2.0543440E+2	1.7180971E+1	1.7160795E+1	2.0616709E+1	2.1155426E+1	1.7430000E+1	1.7340000E+0	0.0000000E+0	0.0000000E+0	0.0000000E+0	0.0000000E+0
2.0754028E+2	1.7214185E+1	1.7194775E+1	2.0614258E+1	2.1157418E+1	1.7430000E+1	1.7340000E+0	0.0000000E+0	0.0000000E+0	0.0000000E+0	0.0000000E+0
2.0964549E+2	1.7248471E+1	1.7232735E+1	2.0611806E+1	2.1158184E+1	1.7430000E+1	1.7340000E+0	0.0000000E+0	0.0000000E+0	0.0000000E+0	0.0000000E+0
2.1175137E+2	1.7283370E+1	1.7267328E+1	2.0610887E+1	2.1157878E+1	1.7430000E+1	1.7340000E+0	0.0000000E+0	0.0000000E+0	0.0000000E+0	0.0000000E+0
2.1385696E+2	1.7317809E+1	1.7301309E+1	2.0609661E+1	2.1157571E+1	1.7430000E+1	1.7340000E+0	0.0000000E+0	0.0000000E+0	0.0000000E+0	0.0000000E+0
2.1596201E+2	1.7352555E+1	1.7337434E+1	2.0607056E+1	2.1156499E+1	1.7430000E+1	1.7340000E+0	0.0000000E+0	0.0000000E+0	0.0000000E+0	0.0000000E+0
2.1806758E+2	1.7387608E+1	1.7373559E+1	2.0605371E+1	2.1153587E+1	1.7430000E+1	1.7320000E+0	0.0000000E+0	0.0000000E+0	0.0000000E+0	0.0000000E+0
2.2017369E+2	1.7421896E+1	1.7406316E+1	2.0606290E+1	2.1156805E+1	1.7430000E+1	1.7340000E+0	0.0000000E+0	0.0000000E+0	0.0000000E+0	0.0000000E+0
2.2227972E+2	1.7458480E+1	1.7440911E+1	2.0610427E+1	2.1158950E+1	1.7430000E+1	1.7340000E+0	0.0000000E+0	0.0000000E+0	0.0000000E+0	0.0000000E+0
2.2438463E+2	1.7490778E+1	1.7472292E+1	2.0613491E+1	2.1162475E+1	1.7430000E+1	1.7340000E+0	0.0000000E+0	0.0000000E+0	0.0000000E+0	0.0000000E+0
2.2649008E+2	1.7524914E+1	1.7506428E+1	2.0616249E+1	2.1166152E+1	1.7430000E+1	1.7340000E+0	0.0000000E+0	0.0000000E+0	0.0000000E+0	0.0000000E+0
2.2859699E+2	1.7560886E+1	1.7540564E+1	2.0619007E+1	2.1170596E+1	1.7430000E+1	1.7340000E+0	0.0000000E+0	0.0000000E+0	0.0000000E+0	0.0000000E+0
2.3070323E+2	1.7596707E+1	1.7573477E+1	2.0619927E+1	2.1174121E+1	1.7430000E+1	1.7340000E+0	0.0000000E+0	0.0000000E+0	0.0000000E+0	0.0000000E+0
2.3280870E+2	1.7630843E+1	1.7611747E+1	2.0620999E+1	2.1177798E+1	1.7430000E+1	1.7340000E+0	0.0000000E+0	0.0000000E+0	0.0000000E+0	0.0000000E+0
2.3491504E+2	1.7661919E+1	1.7640680E+1	2.0619467E+1	2.1181170E+1	1.7430000E+1	1.7340000E+0	0.0000000E+0	0.0000000E+0	0.0000000E+0	0.0000000E+0
2.3702103E+2	1.7698046E+1	1.7677114E+1	2.0619620E+1	2.1183162E+1	1.7430000E+1	1.7340000E+0	0.0000000E+0	0.0000000E+0	0.0000000E+0	0.0000000E+0
2.3912506E+2	1.7732796E+1	1.7711406E+1	2.0616249E+1	2.1182395E+1	1.7430000E+1	1.7320000E+0	0.0000000E+0	0.0000000E+0	0.0000000E+0	0.0000000E+0
2.4122789E+2	1.7768006E+1	1.7751362E+1	2.0613645E+1	2.1181170E+1	1.7430000E+1	1.7340000E+0	0.0000000E+0	0.0000000E+0	0.0000000E+0	0.0000000E+0
2.4333007E+2	1.7800460E+1	1.7780908E+1	2.0610734E+1	2.1177645E+1	1.7430000E+1	1.7340000E+0	0.0000000E+0	0.0000000E+0	0.0000000E+0	0.0000000E+0
2.4543421E+2	1.7834446E+1	1.7815354E+1	2.0607056E+1	2.1172435E+1	1.7430000E+1	1.7340000E+0	0.0000000E+0	0.0000000E+0	0.0000000E+0	0.0000000E+0
2.4754018E+2	1.7869656E+1	1.7845666E+1	2.0602000E+1	2.1168144E+1	1.7430000E+1	1.7340000E+0	0.0000000E+0	0.0000000E+0	0.0000000E+0	0.0000000E+0
2.4964597E+2	1.7900887E+1	1.7873223E+1	2.0596791E+1	2.1163547E+1	1.7430000E+1	1.7340000E+0	0.0000000E+0	0.0000000E+0	0.0000000E+0	0.0000000E+0
2.5175175E+2	1.7936711E+1	1.7913640E+1	2.0592654E+1	2.1158491E+1	1.7430000E+1	1.7340000E+0	0.0000000E+0	0.0000000E+0	0.0000000E+0	0.0000000E+0
2.5385748E+2	1.7969473E+1	1.7951609E+1	2.0586832E+1	2.1153281E+1	1.7430000E+1	1.7340000E+0	0.0000000E+0	0.0000000E+0	0.0000000E+0	0.0000000E+0
2.5596282E+2	1.8005604E+1	1.7977023E+1	2.0583155E+1	2.1145925E+1	1.7430000E+1	1.7340000E+0	0.0000000E+0	0.0000000E+0	0.0000000E+0	0.0000000E+0
2.5806726E+2	1.8041582E+1	1.8010552E+1	2.0577792E+1	2.1139949E+1	1.7430000E+1	1.7340000E+0	0.0000000E+0	0.0000000E+0	0.0000000E+0	0.0000000E+0
2.6017123E+2	1.8076795E+1	1.8044847E+1	2.0572736E+1	2.1132594E+1	1.7430000E+1	1.7340000E+0	0.0000000E+0	0.0000000E+0	0.0000000E+0	0.0000000E+0
2.6227675E+2	1.8111089E+1	1.8088941E+1	2.0567067E+1	2.1126771E+1	1.7430000E+1	1.7340000E+0	0.0000000E+0	0.0000000E+0	0.0000000E+0	0.0000000E+0
2.6438233E+2	1.8142628E+1	1.8132882E+1	2.0561398E+1	2.1119876E+1	1.7440000E+1	1.7340000E+0	0.0000000E+0	0.0000000E+0	0.0000000E+0	0.0000000E+0
2.6648677E+2	1.8177995E+1	1.8155236E+1	2.0556955E+1	2.1113440E+1	1.7430000E+1	1.7340000E+0	0.0000000E+0	0.0000000E+0	0.0000000E+0	0.0000000E+0
2.6859209E+2	1.8211832E+1	1.8192441E+1	2.0551286E+1	2.1106851E+1	1.7430000E+1	1.7340000E+0	0.0000000E+0	0.0000000E+0	0.0000000E+0	0.0000000E+0
2.7069782E+2	1.8243984E+1	1.8233169E+1	2.0547149E+1	2.1100568E+1	1.7430000E+1	1.7340000E+0	0.0000000E+0	0.0000000E+0	0.0000000E+0	0.0000000E+0
2.7280315E+2	1.8280424E+1	1.8264557E+1	2.0544545E+1	2.1094592E+1	1.7430000E+1	1.7340000E+0	0.0000000E+0	0.0000000E+0	0.0000000E+0	0.0000000E+0
2.7490763E+2	1.8315333E+1	1.8294107E+1	2.0543778E+1	2.1090761E+1	1.7430000E+1	1.7340000E+0	0.0000000E+0	0.0000000E+0	0.0000000E+0	0.0000000E+0
2.7701288E+2	1.8348712E+1	1.8327333E+1	2.0543932E+1	2.1088003E+1	1.7430000E+1	1.7340000E+0	0.0000000E+0	0.0000000E+0	0.0000000E+0	0.0000000E+0
2.7911836E+2	1.8382856E+1	1.8368981E+1	2.0544391E+1	2.1084785E+1	1.7430000E+1	1.7340000E+0	0.0000000E+0	0.0000000E+0	0.0000000E+0	0.0000000E+0
2.8122374E+2	1.8416082E+1	1.8403586E+1	2.0545923E+1	2.1082027E+1	1.7430000E+1	1.7340000E+0	0.0000000E+0	0.0000000E+0	0.0000000E+0	0.0000000E+0
2.8332987E+2	1.8449921E+1	1.8430382E+1	2.0545617E+1	2.1080341E+1	1.7430000E+1	1.7340000E+0	0.0000000E+0	0.0000000E+0	0.0000000E+0	0.0000000E+0
2.8543475E+2	1.8482994E+1	1.8462078E+1	2.0545004E+1	2.1077583E+1	1.7430000E+1	1.7340000E+0	0.0000000E+0	0.0000000E+0	0.0000000E+0	0.0000000E+0
2.8753998E+2	1.8517293E+1	1.8494540E+1	2.0545464E+1	2.1074212E+1	1.7430000E+1	1.7340000E+0	0.0000000E+0	0.0000000E+0	0.0000000E+0	0.0000000E+0
2.8964417E+2	1.8552358E+1	1.8530064E+1	2.0545311E+1	2.1071607E+1	1.7430000E+1	1.7340000E+0	0.0000000E+0	0.0000000E+0	0.0000000E+0	0.0000000E+0
2.9175033E+2	1.8586657E+1	1.8566815E+1	2.0544698E+1	2.1069309E+1	1.7430000E+1	1.7340000E+0	0.0000000E+0	0.0000000E+0	0.0000000E+0	0.0000000E+0
2.9385523E+2	1.8618201E+1	1.8602799E+1	2.0543319E+1	2.1066857E+1	1.7430000E+1	1.7340000E+0	0.0000000E+0	0.0000000E+0	0.0000000E+0	0.0000000E+0
2.9596182E+2	1.8654185E+1	1.8635569E+1	2.0541940E+1	2.1064712E+1	1.7430000E+1	1.7340000E+0	0.0000000E+0	0.0000000E+0	0.0000000E+0	0.0000000E+0
2.9806729E+2	1.8687720E+1	1.8667573E+1	2.0540255E+1	2.1062567E+1	1.7430000E+1	1.7340000E+0	0.0000000E+0	0.0000000E+0	0.0000000E+0	0.0000000E+0
3.0017150E+2	1.8722940E+1	1.8703100E+1	2.0538569E+1	2.1061494E+1	1.7430000E+1	1.7340000E+0	0.0000000E+0	0.0000000E+0	0.0000000E+0	0.0000000E+0
3.0227705E+2	1.8756169E+1	1.8731736E+1	2.0536424E+1	2.1057663E+1	1.7430000E+1	1.7340000E+0	0.0000000E+0	0.0000000E+0	0.0000000E+0	0.0000000E+0
3.0437888E+2	1.8792614E+1	1.8766344E+1	2.0536577E+1	2.1056131E+1	1.7430000E+1	1.7340000E+0	0.0000000E+0	0.0000000E+0	0.0000000E+0	0.0000000E+0
3.0648351E+2	1.8825232E+1	1.8798503E+1	2.0536271E+1	2.1055058E+1	1.7430000E+1	1.7340000E+0	0.0000000E+0	0.0000000E+0	0.0000000E+0	0.0000000E+0
3.0858668E+2	1.8857390E+1	1.8830049E+1	2.0535658E+1	2.1052453E+1	1.7440000E+1	1.7340000E+0	0.0000000E+0	0.0000000E+0	0.0000000E+0	0.0000000E+0
3.1069089E+2	1.8889702E+1	1.8853173E+1	2.0536118E+1	2.1051687E+1	1.7430000E+1	1.7340000E+0	0.0000000E+0	0.0000000E+0	0.0000000E+0	0.0000000E+0
3.1279644E+2	1.8923852E+1	1.8894981E+1	2.0534739E+1	2.1051994E+1	1.7430000E+1	1.7340000E+0	0.0000000E+0	0.0000000E+0	0.0000000E+0	0.0000000E+0
3.1490071E+2	1.8956470E+1	1.8936788E+1	2.0535505E+1	2.1054139E+1	1.7430000E+1	1.7340000E+0	0.0000000E+0	0.0000000E+0	0.0000000E+0	0.0000000E+0
3.1700621E+2	1.8987558E+1	1.8976146E+1	2.0539795E+1	2.1058276E+1	1.7430000E+1	1.7340000E+0	0.0000000E+0	0.0000000E+0	0.0000000E+0	0.0000000E+0
3.1911043E+2	1.9022781E+1	1.9009839E+1	2.0547609E+1	2.1065325E+1	1.7430000E+1	1.7340000E+0	0.0000000E+0	0.0000000E+0	0.0000000E+0	0.0000000E+0
3.2121540E+2	1.9059076E+1	1.9042306E+1	2.0554657E+1	2.1073753E+1	1.7430000E+1	1.7340000E+0	0.0000000E+0	0.0000000E+0	0.0000000E+0	0.0000000E+0
3.2332018E+2	1.9095065E+1	1.9072936E+1	2.0558640E+1	2.1083559E+1	1.7430000E+1	1.7340000E+0	0.0000000E+0	0.0000000E+0	0.0000000E+0	0.0000000E+0
3.2542572E+2	1.9129983E+1	1.9101575E+1	2.0561705E+1	2.1090761E+1	1.7430000E+1	1.7340000E+0	0.0000000E+0	0.0000000E+0	0.0000000E+0	0.0000000E+0
3.2753073E+2	1.9163982E+1	1.9138790E+1	2.0563850E+1	2.1092140E+1	1.7430000E+1	1.7340000E+0	0.0000000E+0	0.0000000E+0	0.0000000E+0	0.0000000E+0
3.2963752E+2	1.9196603E+1	1.9174322E+1	2.0566761E+1	2.1095052E+1	1.7430000E+1	1.7340000E+0	0.0000000E+0	0.0000000E+0	0.0000000E+0	0.0000000E+0
3.3174205E+2	1.9229990E+1	1.9206791E+1	2.0569212E+1	2.1099649E+1	1.7430000E+1	1.7340000E+0	0.0000000E+0	0.0000000E+0	0.0000000E+0	0.0000000E+0
3.3384750E+2	1.9263378E+1	1.9238954E+1	2.0573655E+1	2.1103480E+1	1.7430000E+1	1.7340000E+0	0.0000000E+0	0.0000000E+0	0.0000000E+0	0.0000000E+0
3.3595280E+2	1.9295846E+1	1.9278928E+1	2.0575034E+1	2.1106851E+1	1.7430000E+1	1.7340000E+0	0.0000000E+0	0.0000000E+0	0.0000000E+0	0.0000000E+0
3.3805812E+2	1.9328469E+1	1.9306650E+1	2.0579018E+1	2.1108383E+1	1.7430000E+1	1.7340000E+0	0.0000000E+0	0.0000000E+0	0.0000000E+0	0.0000000E+0
3.4016186E+2	1.9363695E+1	1.9338814E+1	2.0583001E+1	2.1110528E+1	1.7430000E+1	1.7340000E+0	0.0000000E+0	0.0000000E+0	0.0000000E+0	0.0000000E+0
3.4226774E+2	1.9396318E+1	1.9367608E+1	2.0588517E+1	2.1114206E+1	1.7430000E+1	1.7340000E+0	0.0000000E+0	0.0000000E+0	0.0000000E+0	0.0000000E+0
3.4437237E+2	1.9427410E+1	1.9396403E+1	2.0593727E+1	2.1118037E+1	1.7430000E+1	1.7340000E+0	0.0000000E+0	0.0000000E+0	0.0000000E+0	0.0000000E+0
3.4647726E+2	1.9461565E+1	1.9436838E+1	2.0597097E+1	2.1118803E+1	1.7430000E+1	1.7340000E+0	0.0000000E+0	0.0000000E+0	0.0000000E+0	0.0000000E+0
3.4858243E+2	1.9496946E+1	1.9479266E+1	2.0596331E+1	2.1118650E+1	1.7430000E+1	1.7340000E+0	0.0000000E+0	0.0000000E+0	0.0000000E+0	0.0000000E+0
3.5068737E+2	1.9529723E+1	1.9509746E+1	2.0597863E+1	2.1117730E+1	1.7430000E+1	1.7340000E+0	0.0000000E+0	0.0000000E+0	0.0000000E+0	0.0000000E+0
3.5279409E+2	1.9564492E+1	1.9542678E+1	2.0596178E+1	2.1116351E+1	1.7430000E+1	1.7340000E+0	0.0000000E+0	0.0000000E+0	0.0000000E+0	0.0000000E+0
3.5489838E+2	1.9595585E+1	1.9580511E+1	2.0595412E+1	2.1115432E+1	1.7430000E+1	1.7340000E+0	0.0000000E+0	0.0000000E+0	0.0000000E+0	0.0000000E+0
3.5700548E+2	1.9632499E+1	1.9610227E+1	2.0593727E+1	2.1111448E+1	1.7430000E+1	1.7350000E+0	0.0000000E+0	0.0000000E+0	0.0000000E+0	0.0000000E+0
3.5911115E+2	1.9663440E+1	1.9634582E+1	2.0592348E+1	2.1109915E+1	1.7430000E+1	1.7340000E+0	0.0000000E+0	0.0000000E+0	0.0000000E+0	0.0000000E+0
3.6121680E+2	1.9696985E+1	1.9672110E+1	2.0592348E+1	2.1107464E+1	1.7430000E+1	1.7340000E+0	0.0000000E+0	0.0000000E+0	0.0000000E+0	0.0000000E+0
3.6332355E+2	1.9730224E+1	1.9717757E+1	2.0591428E+1	2.1105318E+1	1.7440000E+1	1.7340000E+0	0.0000000E+0	0.0000000E+0	0.0000000E+0	0.0000000E+0
3.6542711E+2	1.9763616E+1	1.9754826E+1	2.0590969E+1	2.1103480E+1	1.7430000E+1	1.7340000E+0	0.0000000E+0	0.0000000E+0	0.0000000E+0	0.0000000E+0
3.6753298E+2	1.9798235E+1	1.9783318E+1	2.0589130E+1	2.1101334E+1	1.7430000E+1	1.7340000E+0	0.0000000E+0	0.0000000E+0	0.0000000E+0	0.0000000E+0
3.6963723E+2	1.9833159E+1	1.9816712E+1	2.0588364E+1	2.1102407E+1	1.7430000E+1	1.7340000E+0	0.0000000E+0	0.0000000E+0	0.0000000E+0	0.0000000E+0
3.7174304E+2	1.9867932E+1	1.9848421E+1	2.0586525E+1	2.1099342E+1	1.7430000E+1	1.7340000E+0	0.0000000E+0	0.0000000E+0	0.0000000E+0	0.0000000E+0
3.7384900E+2	1.9898415E+1	1.9878445E+1	2.0587291E+1	2.1098116E+1	1.7430000E+1	1.7350000E+0	0.0000000E+0	0.0000000E+0	0.0000000E+0	0.0000000E+0
3.7595491E+2	1.9931656E+1	1.9909236E+1	2.0588977E+1	2.1096278E+1	1.7430000E+1	1.7350000E+0	0.0000000E+0	0.0000000E+0	0.0000000E+0	0.0000000E+0
3.7805943E+2	1.9964591E+1	1.9944929E+1	2.0589437E+1	2.1097197E+1	1.7430000E+1	1.7340000E+0	0.0000000E+0	0.0000000E+0	0.0000000E+0	0.0000000E+0
3.8016259E+2	1.9997832E+1	1.9972349E+1	2.0591122E+1	2.1096124E+1	1.7430000E+1	1.7340000E+0	0.0000000E+0	0.0000000E+0	0.0000000E+0	0.0000000E+0
3.8226687E+2	2.0034904E+1	2.0002528E+1	2.0592041E+1	2.1099036E+1	1.7430000E+1	1.7350000E+0	0.0000000E+0	0.0000000E+0	0.0000000E+0	0.0000000E+0
3.8437199E+2	2.0069372E+1	2.0032860E+1	2.0591735E+1	2.1098883E+1	1.7430000E+1	1.7340000E+0	0.0000000E+0	0.0000000E+0	0.0000000E+0	0.0000000E+0
3.8647742E+2	2.0099244E+1	2.0069320E+1	2.0592041E+1	2.1099955E+1	1.7430000E+1	1.7350000E+0	0.0000000E+0	0.0000000E+0	0.0000000E+0	0.0000000E+0
3.8858204E+2	2.0131568E+1	2.0114360E+1	2.0591428E+1	2.1101028E+1	1.7430000E+1	1.7350000E+0	0.0000000E+0	0.0000000E+0	0.0000000E+0	0.0000000E+0
3.9068604E+2	2.0163432E+1	2.0158634E+1	2.0592501E+1	2.1100875E+1	1.7430000E+1	1.7340000E+0	0.0000000E+0	0.0000000E+0	0.0000000E+0	0.0000000E+0
3.9279192E+2	2.0195603E+1	2.0189121E+1	2.0593267E+1	2.1102867E+1	1.7430000E+1	1.7340000E+0	0.0000000E+0	0.0000000E+0	0.0000000E+0	0.0000000E+0
3.9489610E+2	2.0228694E+1	2.0218842E+1	2.0594186E+1	2.1103480E+1	1.7430000E+1	1.7340000E+0	0.0000000E+0	0.0000000E+0	0.0000000E+0	0.0000000E+0
3.9700161E+2	2.0262857E+1	2.0247950E+1	2.0595106E+1	2.1106391E+1	1.7430000E+1	1.7350000E+0	0.0000000E+0	0.0000000E+0	0.0000000E+0	0.0000000E+0
3.9910610E+2	2.0295336E+1	2.0283187E+1	2.0598323E+1	2.1108689E+1	1.7430000E+1	1.7350000E+0	0.0000000E+0	0.0000000E+0	0.0000000E+0	0.0000000E+0
4.0121111E+2	2.0331032E+1	2.0314441E+1	2.0598323E+1	2.1109609E+1	1.7430000E+1	1.7340000E+0	0.0000000E+0	0.0000000E+0	0.0000000E+0	0.0000000E+0
4.0331698E+2	2.0365962E+1	2.0352283E+1	2.0598936E+1	2.1110069E+1	1.7430000E+1	1.7340000E+0	0.0000000E+0	0.0000000E+0	0.0000000E+0	0.0000000E+0
4.0542112E+2	2.0397522E+1	2.0377563E+1	2.0599855E+1	2.1111601E+1	1.7430000E+1	1.7340000E+0	0.0000000E+0	0.0000000E+0	0.0000000E+0	0.0000000E+0
4.0752619E+2	2.0429389E+1	2.0416325E+1	2.0600008E+1	2.1111294E+1	1.7430000E+1	1.7350000E+0	0.0000000E+0	0.0000000E+0	0.0000000E+0	0.0000000E+0
4.0963072E+2	2.0462023E+1	2.0446201E+1	2.0601081E+1	2.1110835E+1	1.7430000E+1	1.7350000E+0	0.0000000E+0	0.0000000E+0	0.0000000E+0	0.0000000E+0
4.1173525E+2	2.0497874E+1	2.0474698E+1	2.0599702E+1	2.1112061E+1	1.7430000E+1	1.7340000E+0	0.0000000E+0	0.0000000E+0	0.0000000E+0	0.0000000E+0
4.1384072E+2	2.0530508E+1	2.0511776E+1	2.0598017E+1	2.1111907E+1	1.7430000E+1	1.7340000E+0	0.0000000E+0	0.0000000E+0	0.0000000E+0	0.0000000E+0
4.1594611E+2	2.0564674E+1	2.0545484E+1	2.0598017E+1	2.1112061E+1	1.7430000E+1	1.7350000E+0	0.0000000E+0	0.0000000E+0	0.0000000E+0	0.0000000E+0
4.1805221E+2	2.0595930E+1	2.0573982E+1	2.0596638E+1	2.1110069E+1	1.7430000E+1	1.7350000E+0	0.0000000E+0	0.0000000E+0	0.0000000E+0	0.0000000E+0
4.2015837E+2	2.0627492E+1	2.0612134E+1	2.0596638E+1	2.1110222E+1	1.7430000E+1	1.7350000E+0	0.0000000E+0	0.0000000E+0	0.0000000E+0	0.0000000E+0
4.2226300E+2	2.0661353E+1	2.0647681E+1	2.0595565E+1	2.1112214E+1	1.7430000E+1	1.7340000E+0	0.0000000E+0	0.0000000E+0	0.0000000E+0	0.0000000E+0
4.2436772E+2	2.0695215E+1	2.0682309E+1	2.0594186E+1	2.1111754E+1	1.7430000E+1	1.7350000E+0	0.0000000E+0	0.0000000E+0	0.0000000E+0	0.0000000E+0
4.2647303E+2	2.0729076E+1	2.0712494E+1	2.0591428E+1	2.1112980E+1	1.7430000E+1	1.7350000E+0	0.0000000E+0	0.0000000E+0	0.0000000E+0	0.0000000E+0
4.2857878E+2	2.0763704E+1	2.0740381E+1	2.0591428E+1	2.1112827E+1	1.7430000E+1	1.7350000E+0	0.0000000E+0	0.0000000E+0	0.0000000E+0	0.0000000E+0
4.3068510E+2	2.0797107E+1	2.0771486E+1	2.0588211E+1	2.1113899E+1	1.7430000E+1	1.7350000E+0	0.0000000E+0	0.0000000E+0	0.0000000E+0	0.0000000E+0
4.3278958E+2	2.0831583E+1	2.0801365E+1	2.0585606E+1	2.1113133E+1	1.7430000E+1	1.7350000E+0	0.0000000E+0	0.0000000E+0	0.0000000E+0	0.0000000E+0
4.3489479E+2	2.0864220E+1	2.0833850E+1	2.0582695E+1	2.1110222E+1	1.7430000E+1	1.7350000E+0	0.0000000E+0	0.0000000E+0	0.0000000E+0	0.0000000E+0
4.3699940E+2	2.0893946E+1	2.0866641E+1	2.0580703E+1	2.1108383E+1	1.7430000E+1	1.7350000E+0	0.0000000E+0	0.0000000E+0	0.0000000E+0	0.0000000E+0
4.3910517E+2	2.0927197E+1	2.0898360E+1	2.0577332E+1	2.1107617E+1	1.7430000E+1	1.7350000E+0	0.0000000E+0	0.0000000E+0	0.0000000E+0	0.0000000E+0
4.4121185E+2	2.0958456E+1	2.0941572E+1	2.0576413E+1	2.1104859E+1	1.7430000E+1	1.7350000E+0	0.0000000E+0	0.0000000E+0	0.0000000E+0	0.0000000E+0
4.4331787E+2	2.0994312E+1	2.0973751E+1	2.0575647E+1	2.1105625E+1	1.7430000E+1	1.7350000E+0	0.0000000E+0	0.0000000E+0	0.0000000E+0	0.0000000E+0
4.4542320E+2	2.1028330E+1	2.1002713E+1	2.0578405E+1	2.1107617E+1	1.7430000E+1	1.7350000E+0	0.0000000E+0	0.0000000E+0	0.0000000E+0	0.0000000E+0
4.4752870E+2	2.1060663E+1	2.1033820E+1	2.0580856E+1	2.1111907E+1	1.7430000E+1	1.7350000E+0	0.0000000E+0	0.0000000E+0	0.0000000E+0	0.0000000E+0
4.4963138E+2	2.1094681E+1	2.1066614E+1	2.0585453E+1	2.1113440E+1	1.7430000E+1	1.7350000E+0	0.0000000E+0	0.0000000E+0	0.0000000E+0	0.0000000E+0
4.5173715E+2	2.1128394E+1	2.1103545E+1	2.0590969E+1	2.1116351E+1	1.7430000E+1	1.7350000E+0	0.0000000E+0	0.0000000E+0	0.0000000E+0	0.0000000E+0
4.5384235E+2	2.1159348E+1	2.1138484E+1	2.0595412E+1	2.1120182E+1	1.7430000E+1	1.7350000E+0	0.0000000E+0	0.0000000E+0	0.0000000E+0	0.0000000E+0
4.5594802E+2	2.1191682E+1	2.1177561E+1	2.0601847E+1	2.1124013E+1	1.7430000E+1	1.7350000E+0	0.0000000E+0	0.0000000E+0	0.0000000E+0	0.0000000E+0
4.5805385E+2	2.1224016E+1	2.1209437E+1	2.0609201E+1	2.1129376E+1	1.7430000E+1	1.7350000E+0	0.0000000E+0	0.0000000E+0	0.0000000E+0	0.0000000E+0
4.6015892E+2	2.1258803E+1	2.1245450E+1	2.0616403E+1	2.1137344E+1	1.7430000E+1	1.7350000E+0	0.0000000E+0	0.0000000E+0	0.0000000E+0	0.0000000E+0
4.6226437E+2	2.1292824E+1	2.1277479E+1	2.0622838E+1	2.1142554E+1	1.7440000E+1	1.7350000E+0	0.0000000E+0	0.0000000E+0	0.0000000E+0	0.0000000E+0
4.6436867E+2	2.1324699E+1	2.1305677E+1	2.0631571E+1	2.1149143E+1	1.7430000E+1	1.7350000E+0	0.0000000E+0	0.0000000E+0	0.0000000E+0	0.0000000E+0
4.6647436E+2	2.1357801E+1	2.1339852E+1	2.0636627E+1	2.1155119E+1	1.7430000E+1	1.7350000E+0	0.0000000E+0	0.0000000E+0	0.0000000E+0	0.0000000E+0
4.6857843E+2	2.1389524E+1	2.1367744E+1	2.0641837E+1	2.1162015E+1	1.7430000E+1	1.7350000E+0	0.0000000E+0	0.0000000E+0	0.0000000E+0	0.0000000E+0
4.7068367E+2	2.1423545E+1	2.1400081E+1	2.0644748E+1	2.1167225E+1	1.7430000E+1	1.7350000E+0	0.0000000E+0	0.0000000E+0	0.0000000E+0	0.0000000E+0
4.7278937E+2	2.1458487E+1	2.1438242E+1	2.0649957E+1	2.1172129E+1	1.7430000E+1	1.7350000E+0	0.0000000E+0	0.0000000E+0	0.0000000E+0	0.0000000E+0
4.7489529E+2	2.1487606E+1	2.1463376E+1	2.0651030E+1	2.1175806E+1	1.7430000E+1	1.7350000E+0	0.0000000E+0	0.0000000E+0	0.0000000E+0	0.0000000E+0
4.7700013E+2	2.1519943E+1	2.1495101E+1	2.0651336E+1	2.1180097E+1	1.7430000E+1	1.7350000E+0	0.0000000E+0	0.0000000E+0	0.0000000E+0	0.0000000E+0
4.7910460E+2	2.1552893E+1	2.1527132E+1	2.0653328E+1	2.1182702E+1	1.7430000E+1	1.7350000E+0	0.0000000E+0	0.0000000E+0	0.0000000E+0	0.0000000E+0
4.8120943E+2	2.1589675E+1	2.1558091E+1	2.0653635E+1	2.1186073E+1	1.7430000E+1	1.7350000E+0	0.0000000E+0	0.0000000E+0	0.0000000E+0	0.0000000E+0
4.8331434E+2	2.1621554E+1	2.1589663E+1	2.0654094E+1	2.1188218E+1	1.7430000E+1	1.7350000E+0	0.0000000E+0	0.0000000E+0	0.0000000E+0	0.0000000E+0
4.8541967E+2	2.1653585E+1	2.1619856E+1	2.0651949E+1	2.1186993E+1	1.7430000E+1	1.7350000E+0	0.0000000E+0	0.0000000E+0	0.0000000E+0	0.0000000E+0
4.8752607E+2	2.1685924E+1	2.1649897E+1	2.0651183E+1	2.1185767E+1	1.7430000E+1	1.7360000E+0	0.0000000E+0	0.0000000E+0	0.0000000E+0	0.0000000E+0
4.8963256E+2	2.1721788E+1	2.1687907E+1	2.0649038E+1	2.1184847E+1	1.7430000E+1	1.7350000E+0	0.0000000E+0	0.0000000E+0	0.0000000E+0	0.0000000E+0
4.9173609E+2	2.1752901E+1	2.1729443E+1	2.0648119E+1	2.1182395E+1	1.7430000E+1	1.7350000E+0	0.0000000E+0	0.0000000E+0	0.0000000E+0	0.0000000E+0
4.9384247E+2	2.1784015E+1	2.1764695E+1	2.0647506E+1	2.1182089E+1	1.7430000E+1	1.7360000E+0	0.0000000E+0	0.0000000E+0	0.0000000E+0	0.0000000E+0
4.9594696E+2	2.1819574E+1	2.1788146E+1	2.0647199E+1	2.1182242E+1	1.7430000E+1	1.7350000E+0	0.0000000E+0	0.0000000E+0	0.0000000E+0	0.0000000E+0
4.9805102E+2	2.1851914E+1	2.1821560E+1	2.0647353E+1	2.1182089E+1	1.7430000E+1	1.7360000E+0	0.0000000E+0	0.0000000E+0	0.0000000E+0	0.0000000E+0
5.0015557E+2	2.1885481E+1	2.1851755E+1	2.0646740E+1	2.1182855E+1	1.7430000E+1	1.7360000E+0	0.0000000E+0	0.0000000E+0	0.0000000E+0	0.0000000E+0
5.0226184E+2	2.1916289E+1	2.1888235E+1	2.0647812E+1	2.1183621E+1	1.7430000E+1	1.7360000E+0	0.0000000E+0	0.0000000E+0	0.0000000E+0	0.0000000E+0
5.0436709E+2	2.1947864E+1	2.1916745E+1	2.0650877E+1	2.1185307E+1	1.7430000E+1	1.7360000E+0	0.0000000E+0	0.0000000E+0	0.0000000E+0	0.0000000E+0
5.0647105E+2	2.1978979E+1	2.1952612E+1	2.0653175E+1	2.1188678E+1	1.7430000E+1	1.7350000E+0	0.0000000E+0	0.0000000E+0	0.0000000E+0	0.0000000E+0
5.0857788E+2	2.2011321E+1	2.1988787E+1	2.0653481E+1	2.1189904E+1	1.7430000E+1	1.7360000E+0	0.0000000E+0	0.0000000E+0	0.0000000E+0	0.0000000E+0
5.1068281E+2	2.2044276E+1	2.2026494E+1	2.0652409E+1	2.1189291E+1	1.7430000E+1	1.7360000E+0	0.0000000E+0	0.0000000E+0	0.0000000E+0	0.0000000E+0
5.1278947E+2	2.2075699E+1	2.2055465E+1	2.0648578E+1	2.1186533E+1	1.7440000E+1	1.7350000E+0	0.0000000E+0	0.0000000E+0	0.0000000E+0	0.0000000E+0
5.1489454E+2	2.2111567E+1	2.2085663E+1	2.0646587E+1	2.1184694E+1	1.7430000E+1	1.7360000E+0	0.0000000E+0	0.0000000E+0	0.0000000E+0	0.0000000E+0
5.1699907E+2	2.2146822E+1	2.2115400E+1	2.0645974E+1	2.1186226E+1	1.7430000E+1	1.7350000E+0	0.0000000E+0	0.0000000E+0	0.0000000E+0	0.0000000E+0
5.1910468E+2	2.2178706E+1	2.2147898E+1	2.0647812E+1	2.1186533E+1	1.7430000E+1	1.7360000E+0	0.0000000E+0	0.0000000E+0	0.0000000E+0	0.0000000E+0
5.2120892E+2	2.2208750E+1	2.2180855E+1	2.0645820E+1	2.1185000E+1	1.7430000E+1	1.7350000E+0	0.0000000E+0	0.0000000E+0	0.0000000E+0	0.0000000E+0
5.2331381E+2	2.2241094E+1	2.2213506E+1	2.0644748E+1	2.1182089E+1	1.7430000E+1	1.7360000E+0	0.0000000E+0	0.0000000E+0	0.0000000E+0	0.0000000E+0
5.2541703E+2	2.2273745E+1	2.2248917E+1	2.0642296E+1	2.1179944E+1	1.7430000E+1	1.7360000E+0	0.0000000E+0	0.0000000E+0	0.0000000E+0	0.0000000E+0
5.2752279E+2	2.2305783E+1	2.2284635E+1	2.0639232E+1	2.1177492E+1	1.7430000E+1	1.7350000E+0	0.0000000E+0	0.0000000E+0	0.0000000E+0	0.0000000E+0
5.2962824E+2	2.2337975E+1	2.2317287E+1	2.0636168E+1	2.1175806E+1	1.7430000E+1	1.7360000E+0	0.0000000E+0	0.0000000E+0	0.0000000E+0	0.0000000E+0
5.3173480E+2	2.2371547E+1	2.2348866E+1	2.0632950E+1	2.1175653E+1	1.7430000E+1	1.7360000E+0	0.0000000E+0	0.0000000E+0	0.0000000E+0	0.0000000E+0
5.3384214E+2	2.2403279E+1	2.2377840E+1	2.0629426E+1	2.1173355E+1	1.7430000E+1	1.7350000E+0	0.0000000E+0	0.0000000E+0	0.0000000E+0	0.0000000E+0
5.3594935E+2	2.2436085E+1	2.2411566E+1	2.0627434E+1	2.1169677E+1	1.7430000E+1	1.7360000E+0	0.0000000E+0	0.0000000E+0	0.0000000E+0	0.0000000E+0
5.3805421E+2	2.2469811E+1	2.2440387E+1	2.0626668E+1	2.1167991E+1	1.7430000E+1	1.7360000E+0	0.0000000E+0	0.0000000E+0	0.0000000E+0	0.0000000E+0
5.4015891E+2	2.2502157E+1	2.2473040E+1	2.0625596E+1	2.1164773E+1	1.7430000E+1	1.7360000E+0	0.0000000E+0	0.0000000E+0	0.0000000E+0	0.0000000E+0
5.4226330E+2	2.2534504E+1	2.2504621E+1	2.0623604E+1	2.1160023E+1	1.7430000E+1	1.7360000E+0	0.0000000E+0	0.0000000E+0	0.0000000E+0	0.0000000E+0
5.4436803E+2	2.2567158E+1	2.2534363E+1	2.0625902E+1	2.1159870E+1	1.7430000E+1	1.7360000E+0	0.0000000E+0	0.0000000E+0	0.0000000E+0	0.0000000E+0
5.4647178E+2	2.2599352E+1	2.2568244E+1	2.0623910E+1	2.1157571E+1	1.7430000E+1	1.7360000E+0	0.0000000E+0	0.0000000E+0	0.0000000E+0	0.0000000E+0
5.4857606E+2	2.2634306E+1	2.2603198E+1	2.0620080E+1	2.1153127E+1	1.7430000E+1	1.7360000E+0	0.0000000E+0	0.0000000E+0	0.0000000E+0	0.0000000E+0
5.5068066E+2	2.2668647E+1	2.2636007E+1	2.0618088E+1	2.1149603E+1	1.7430000E+1	1.7360000E+0	0.0000000E+0	0.0000000E+0	0.0000000E+0	0.0000000E+0
5.5278587E+2	2.2699769E+1	2.2667283E+1	2.0616709E+1	2.1146079E+1	1.7430000E+1	1.7360000E+0	0.0000000E+0	0.0000000E+0	0.0000000E+0	0.0000000E+0
5.5489026E+2	2.2730891E+1	2.2697332E+1	2.0619161E+1	2.1144699E+1	1.7430000E+1	1.7360000E+0	0.0000000E+0	0.0000000E+0	0.0000000E+0	0.0000000E+0
5.5699532E+2	2.2761860E+1	2.2738881E+1	2.0618394E+1	2.1140562E+1	1.7430000E+1	1.7360000E+0	0.0000000E+0	0.0000000E+0	0.0000000E+0	0.0000000E+0
5.5910002E+2	2.2794670E+1	2.2766478E+1	2.0621306E+1	2.1142094E+1	1.7430000E+1	1.7360000E+0	0.0000000E+0	0.0000000E+0	0.0000000E+0	0.0000000E+0
5.6120603E+2	2.2827786E+1	2.2793922E+1	2.0623604E+1	2.1143320E+1	1.7430000E+1	1.7360000E+0	0.0000000E+0	0.0000000E+0	0.0000000E+0	0.0000000E+0
5.6330977E+2	2.2860442E+1	2.2822439E+1	2.0622838E+1	2.1144240E+1	1.7430000E+1	1.7360000E+0	0.0000000E+0	0.0000000E+0	0.0000000E+0	0.0000000E+0
5.6541522E+2	2.2891413E+1	2.2855403E+1	2.0622378E+1	2.1144853E+1	1.7430000E+1	1.7360000E+0	0.0000000E+0	0.0000000E+0	0.0000000E+0	0.0000000E+0
5.6751951E+2	2.2921310E+1	2.2891281E+1	2.0623910E+1	2.1144546E+1	1.7430000E+1	1.7360000E+0	0.0000000E+0	0.0000000E+0	0.0000000E+0	0.0000000E+0
5.6962727E+2	2.2954734E+1	2.2925932E+1	2.0625596E+1	2.1145006E+1	1.7430000E+1	1.7360000E+0	0.0000000E+0	0.0000000E+0	0.0000000E+0	0.0000000E+0
5.7173055E+2	2.2986166E+1	2.2960890E+1	2.0626668E+1	2.1145312E+1	1.7430000E+1	1.7360000E+0	0.0000000E+0	0.0000000E+0	0.0000000E+0	0.0000000E+0
5.7383706E+2	2.3019897E+1	2.2998916E+1	2.0630345E+1	2.1146998E+1	1.7440000E+1	1.7360000E+0	0.0000000E+0	0.0000000E+0	0.0000000E+0	0.0000000E+0
5.7594306E+2	2.3053016E+1	2.3031575E+1	2.0635095E+1	2.1150676E+1	1.7430000E+1	1.7360000E+0	0.0000000E+0	0.0000000E+0	0.0000000E+0	0.0000000E+0
5.7804662E+2	2.3084754E+1	2.3061781E+1	2.0638466E+1	2.1152974E+1	1.7430000E+1	1.7360000E+0	0.0000000E+0	0.0000000E+0	0.0000000E+0	0.0000000E+0
5.8015321E+2	2.3119253E+1	2.3093521E+1	2.0641990E+1	2.1156345E+1	1.7430000E+1	1.7360000E+0	0.0000000E+0	0.0000000E+0	0.0000000E+0	0.0000000E+0
5.8225809E+2	2.3150073E+1	2.3124341E+1	2.0645514E+1	2.1157418E+1	1.7430000E+1	1.7360000E+0	0.0000000E+0	0.0000000E+0	0.0000000E+0	0.0000000E+0
5.8436086E+2	2.3181046E+1	2.3154701E+1	2.0649957E+1	2.1159717E+1	1.7430000E+1	1.7360000E+0	0.0000000E+0	0.0000000E+0	0.0000000E+0	0.0000000E+0
5.8646547E+2	2.3213246E+1	2.3192575E+1	2.0651490E+1	2.1159717E+1	1.7430000E+1	1.7360000E+0	0.0000000E+0	0.0000000E+0	0.0000000E+0	0.0000000E+0
5.8857032E+2	2.3247440E+1	2.3228763E+1	2.0653022E+1	2.1158031E+1	1.7430000E+1	1.7360000E+0	0.0000000E+0	0.0000000E+0	0.0000000E+0	0.0000000E+0
5.9067546E+2	2.3280254E+1	2.3253757E+1	2.0653941E+1	2.1156805E+1	1.7430000E+1	1.7360000E+0	0.0000000E+0	0.0000000E+0	0.0000000E+0	0.0000000E+0
5.9278033E+2	2.3313221E+1	2.3285192E+1	2.0655014E+1	2.1154813E+1	1.7430000E+1	1.7360000E+0	0.0000000E+0	0.0000000E+0	0.0000000E+0	0.0000000E+0
5.9488617E+2	2.3347263E+1	2.3320461E+1	2.0653788E+1	2.1152974E+1	1.7430000E+1	1.7360000E+0	0.0000000E+0	0.0000000E+0	0.0000000E+0	0.0000000E+0
5.9699014E+2	2.3378391E+1	2.3350669E+1	2.0653481E+1	2.1149909E+1	1.7430000E+1	1.7360000E+0	0.0000000E+0	0.0000000E+0	0.0000000E+0	0.0000000E+0
5.9909579E+2	2.3408906E+1	2.3382412E+1	2.0651030E+1	2.1148071E+1	1.7430000E+1	1.7360000E+0	0.0000000E+0	0.0000000E+0	0.0000000E+0	0.0000000E+0
6.0120201E+2	2.3441108E+1	2.3413081E+1	2.0651643E+1	2.1149909E+1	1.7430000E+1	1.7360000E+0	0.0000000E+0	0.0000000E+0	0.0000000E+0	0.0000000E+0
6.0330647E+2	2.3472238E+1	2.3441911E+1	2.0652256E+1	2.1149756E+1	1.7430000E+1	1.7360000E+0	0.0000000E+0	0.0000000E+0	0.0000000E+0	0.0000000E+0
6.0541221E+2	2.3505667E+1	2.3475034E+1	2.0650723E+1	2.1149450E+1	1.7430000E+1	1.7360000E+0	0.0000000E+0	0.0000000E+0	0.0000000E+0	0.0000000E+0
6.0751641E+2	2.3537564E+1	2.3507698E+1	2.0651030E+1	2.1149450E+1	1.7430000E+1	1.7370000E+0	0.0000000E+0	0.0000000E+0	0.0000000E+0	0.0000000E+0
6.0962265E+2	2.3569614E+1	2.3532234E+1	2.0652409E+1	2.1152668E+1	1.7430000E+1	1.7360000E+0	0.0000000E+0	0.0000000E+0	0.0000000E+0	0.0000000E+0
6.1172702E+2	2.3599977E+1	2.3569806E+1	2.0653022E+1	2.1154507E+1	1.7430000E+1	1.7360000E+0	0.0000000E+0	0.0000000E+0	0.0000000E+0	0.0000000E+0
6.1383352E+2	2.3631721E+1	2.3609218E+1	2.0651643E+1	2.1154813E+1	1.7430000E+1	1.7360000E+0	0.0000000E+0	0.0000000E+0	0.0000000E+0	0.0000000E+0
6.1593911E+2	2.3665919E+1	2.3639736E+1	2.0650570E+1	2.1157265E+1	1.7430000E+1	1.7360000E+0	0.0000000E+0	0.0000000E+0	0.0000000E+0	0.0000000E+0
6.1804310E+2	2.3698431E+1	2.3666881E+1	2.0649498E+1	2.1162168E+1	1.7430000E+1	1.7360000E+0	0.0000000E+0	0.0000000E+0	0.0000000E+0	0.0000000E+0
6.2014670E+2	2.3730329E+1	2.3703994E+1	2.0648425E+1	2.1167685E+1	1.7430000E+1	1.7360000E+0	0.0000000E+0	0.0000000E+0	0.0000000E+0	0.0000000E+0
6.2225174E+2	2.3762227E+1	2.3733592E+1	2.0650570E+1	2.1172742E+1	1.7430000E+1	1.7360000E+0	0.0000000E+0	0.0000000E+0	0.0000000E+0	0.0000000E+0
6.2435729E+2	2.3792286E+1	2.3773007E+1	2.0653635E+1	2.1176266E+1	1.7430000E+1	1.7360000E+0	0.0000000E+0	0.0000000E+0	0.0000000E+0	0.0000000E+0
6.2646228E+2	2.3829860E+1	2.3807514E+1	2.0657618E+1	2.1181629E+1	1.7430000E+1	1.7360000E+0	0.0000000E+0	0.0000000E+0	0.0000000E+0	0.0000000E+0
6.2856803E+2	2.3862986E+1	2.3838187E+1	2.0661142E+1	2.1184081E+1	1.7430000E+1	1.7360000E+0	0.0000000E+0	0.0000000E+0	0.0000000E+0	0.0000000E+0
6.3067478E+2	2.3892279E+1	2.3862419E+1	2.0660376E+1	2.1183162E+1	1.7430000E+1	1.7360000E+0	0.0000000E+0	0.0000000E+0	0.0000000E+0	0.0000000E+0
6.3278094E+2	2.3925252E+1	2.3894780E+1	2.0657618E+1	2.1183775E+1	1.7430000E+1	1.7360000E+0	0.0000000E+0	0.0000000E+0	0.0000000E+0	0.0000000E+0
6.3488565E+2	2.3957766E+1	2.3923153E+1	2.0656239E+1	2.1181629E+1	1.7430000E+1	1.7360000E+0	0.0000000E+0	0.0000000E+0	0.0000000E+0	0.0000000E+0
6.3699103E+2	2.3991661E+1	2.3951527E+1	2.0650417E+1	2.1177185E+1	1.7430000E+1	1.7360000E+0	0.0000000E+0	0.0000000E+0	0.0000000E+0	0.0000000E+0
6.3909666E+2	2.4023102E+1	2.3983428E+1	2.0648578E+1	2.1174887E+1	1.7430000E+1	1.7360000E+0	0.0000000E+0	0.0000000E+0	0.0000000E+0	0.0000000E+0
6.4120218E+2	2.4051629E+1	2.4019624E+1	2.0646587E+1	2.1172282E+1	1.7430000E+1	1.7360000E+0	0.0000000E+0	0.0000000E+0	0.0000000E+0	0.0000000E+0
6.4330610E+2	2.4083070E+1	2.4047846E+1	2.0645514E+1	2.1169677E+1	1.7430000E+1	1.7360000E+0	0.0000000E+0	0.0000000E+0	0.0000000E+0	0.0000000E+0
6.4541034E+2	2.4114052E+1	2.4078828E+1	2.0643982E+1	2.1168298E+1	1.7430000E+1	1.7360000E+0	0.0000000E+0	0.0000000E+0	0.0000000E+0	0.0000000E+0
6.4751502E+2	2.4149482E+1	2.4111344E+1	2.0643369E+1	2.1169370E+1	1.7430000E+1	1.7360000E+0	0.0000000E+0	0.0000000E+0	0.0000000E+0	0.0000000E+0
6.4962047E+2	2.4180157E+1	2.4148462E+1	2.0644135E+1	2.1170443E+1	1.7430000E+1	1.7360000E+0	0.0000000E+0	0.0000000E+0	0.0000000E+0	0.0000000E+0
6.5172556E+2	2.4211140E+1	2.4181592E+1	2.0645361E+1	2.1175653E+1	1.7430000E+1	1.7360000E+0	0.0000000E+0	0.0000000E+0	0.0000000E+0	0.0000000E+0
6.5383148E+2	2.4244730E+1	2.4205980E+1	2.0645974E+1	2.1180710E+1	1.7430000E+1	1.7360000E+0	0.0000000E+0	0.0000000E+0	0.0000000E+0	0.0000000E+0
6.5593703E+2	2.4273720E+1	2.4243253E+1	2.0649957E+1	2.1184694E+1	1.7430000E+1	1.7360000E+0	0.0000000E+0	0.0000000E+0	0.0000000E+0	0.0000000E+0
6.5804008E+2	2.4308538E+1	2.4275617E+1	2.0653481E+1	2.1189904E+1	1.7430000E+1	1.7360000E+0	0.0000000E+0	0.0000000E+0	0.0000000E+0	0.0000000E+0
6.6014452E+2	2.4342129E+1	2.4301693E+1	2.0657465E+1	2.1193429E+1	1.7430000E+1	1.7360000E+0	0.0000000E+0	0.0000000E+0	0.0000000E+0	0.0000000E+0
6.6224873E+2	2.4374493E+1	2.4340960E+1	2.0657159E+1	2.1195880E+1	1.7430000E+1	1.7360000E+0	0.0000000E+0	0.0000000E+0	0.0000000E+0	0.0000000E+0
6.6435423E+2	2.4406705E+1	2.4368571E+1	2.0657005E+1	2.1194961E+1	1.7430000E+1	1.7360000E+0	0.0000000E+0	0.0000000E+0	0.0000000E+0	0.0000000E+0
6.6645888E+2	2.4436923E+1	2.4407072E+1	2.0658231E+1	2.1195880E+1	1.7430000E+1	1.7360000E+0	0.0000000E+0	0.0000000E+0	0.0000000E+0	0.0000000E+0
6.6856517E+2	2.4468981E+1	2.4438671E+1	2.0658997E+1	2.1197106E+1	1.7430000E+1	1.7360000E+0	0.0000000E+0	0.0000000E+0	0.0000000E+0	0.0000000E+0
6.7067060E+2	2.4503341E+1	2.4466896E+1	2.0661142E+1	2.1200018E+1	1.7440000E+1	1.7360000E+0	0.0000000E+0	0.0000000E+0	0.0000000E+0	0.0000000E+0
6.7277445E+2	2.4531566E+1	2.4495734E+1	2.0661908E+1	2.1202623E+1	1.7440000E+1	1.7360000E+0	0.0000000E+0	0.0000000E+0	0.0000000E+0	0.0000000E+0
6.7487883E+2	2.4561938E+1	2.4521505E+1	2.0663594E+1	2.1203542E+1	1.7430000E+1	1.7360000E+0	0.0000000E+0	0.0000000E+0	0.0000000E+0	0.0000000E+0
6.7698490E+2	2.4592924E+1	2.4558934E+1	2.0665892E+1	2.1205841E+1	1.7430000E+1	1.7360000E+0	0.0000000E+0	0.0000000E+0	0.0000000E+0	0.0000000E+0
6.7909090E+2	2.4624524E+1	2.4591608E+1	2.0666811E+1	2.1207986E+1	1.7430000E+1	1.7360000E+0	0.0000000E+0	0.0000000E+0	0.0000000E+0	0.0000000E+0
6.8119469E+2	2.4658118E+1	2.4622596E+1	2.0667731E+1	2.1207680E+1	1.7430000E+1	1.7370000E+0	0.0000000E+0	0.0000000E+0	0.0000000E+0	0.0000000E+0
6.8330025E+2	2.4688952E+1	2.4654810E+1	2.0670182E+1	2.1208752E+1	1.7430000E+1	1.7360000E+0	0.0000000E+0	0.0000000E+0	0.0000000E+0	0.0000000E+0
6.8540581E+2	2.4721780E+1	2.4687946E+1	2.0670948E+1	2.1212277E+1	1.7430000E+1	1.7360000E+0	0.0000000E+0	0.0000000E+0	0.0000000E+0	0.0000000E+0
6.8750888E+2	2.4754609E+1	2.4716019E+1	2.0669110E+1	2.1215035E+1	1.7430000E+1	1.7360000E+0	0.0000000E+0	0.0000000E+0	0.0000000E+0	0.0000000E+0
6.8961302E+2	2.4786670E+1	2.4747928E+1	2.0666965E+1	2.1215495E+1	1.7430000E+1	1.7360000E+0	0.0000000E+0	0.0000000E+0	0.0000000E+0	0.0000000E+0
6.9171933E+2	2.4818272E+1	2.4779837E+1	2.0664666E+1	2.1218253E+1	1.7430000E+1	1.7360000E+0	0.0000000E+0	0.0000000E+0	0.0000000E+0	0.0000000E+0
6.9382723E+2	2.4850028E+1	2.4814201E+1	2.0667424E+1	2.1219632E+1	1.7430000E+1	1.7360000E+0	0.0000000E+0	0.0000000E+0	0.0000000E+0	0.0000000E+0
6.9593213E+2	2.4883011E+1	2.4852707E+1	2.0669876E+1	2.1220705E+1	1.7430000E+1	1.7360000E+0	0.0000000E+0	0.0000000E+0	0.0000000E+0	0.0000000E+0
6.9803738E+2	2.4913233E+1	2.4887379E+1	2.0670795E+1	2.1223770E+1	1.7430000E+1	1.7360000E+0	0.0000000E+0	0.0000000E+0	0.0000000E+0	0.0000000E+0
7.0014192E+2	2.4946216E+1	2.4919289E+1	2.0673400E+1	2.1226375E+1	1.7440000E+1	1.7360000E+0	0.0000000E+0	0.0000000E+0	0.0000000E+0	0.0000000E+0
7.0224789E+2	2.4977666E+1	2.4946444E+1	2.0676311E+1	2.1229593E+1	1.7430000E+1	1.7360000E+0	0.0000000E+0	0.0000000E+0	0.0000000E+0	0.0000000E+0
7.0435399E+2	2.5008963E+1	2.4973445E+1	2.0679835E+1	2.1232504E+1	1.7430000E+1	1.7360000E+0	0.0000000E+0	0.0000000E+0	0.0000000E+0	0.0000000E+0
7.0645968E+2	2.5037192E+1	2.5002288E+1	2.0682899E+1	2.1235416E+1	1.7430000E+1	1.7360000E+0	0.0000000E+0	0.0000000E+0	0.0000000E+0	0.0000000E+0
7.0856503E+2	2.5070177E+1	2.5029290E+1	2.0687036E+1	2.1238940E+1	1.7430000E+1	1.7370000E+0	0.0000000E+0	0.0000000E+0	0.0000000E+0	0.0000000E+0
7.1067088E+2	2.5103469E+1	2.5065344E+1	2.0692246E+1	2.1242311E+1	1.7430000E+1	1.7360000E+0	0.0000000E+0	0.0000000E+0	0.0000000E+0	0.0000000E+0
7.1277631E+2	2.5136608E+1	2.5097563E+1	2.0696996E+1	2.1245376E+1	1.7430000E+1	1.7370000E+0	0.0000000E+0	0.0000000E+0	0.0000000E+0	0.0000000E+0
7.1488271E+2	2.5168673E+1	2.5126254E+1	2.0700213E+1	2.1248748E+1	1.7430000E+1	1.7370000E+0	0.0000000E+0	0.0000000E+0	0.0000000E+0	0.0000000E+0
7.1698729E+2	2.5195062E+1	2.5155098E+1	2.0703891E+1	2.1251812E+1	1.7430000E+1	1.7360000E+0	0.0000000E+0	0.0000000E+0	0.0000000E+0	0.0000000E+0
7.1909240E+2	2.5228816E+1	2.5189772E+1	2.0707721E+1	2.1252732E+1	1.7430000E+1	1.7360000E+0	0.0000000E+0	0.0000000E+0	0.0000000E+0	0.0000000E+0
7.2119711E+2	2.5261649E+1	2.5228590E+1	2.0709866E+1	2.1254264E+1	1.7440000E+1	1.7360000E+0	0.0000000E+0	0.0000000E+0	0.0000000E+0	0.0000000E+0
7.2330265E+2	2.5291874E+1	2.5260350E+1	2.0710786E+1	2.1255490E+1	1.7430000E+1	1.7370000E+0	0.0000000E+0	0.0000000E+0	0.0000000E+0	0.0000000E+0
7.2540824E+2	2.5322253E+1	2.5291957E+1	2.0712011E+1	2.1254724E+1	1.7430000E+1	1.7360000E+0	0.0000000E+0	0.0000000E+0	0.0000000E+0	0.0000000E+0
7.2751413E+2	2.5355855E+1	2.5320649E+1	2.0715689E+1	2.1256563E+1	1.7430000E+1	1.7370000E+0	0.0000000E+0	0.0000000E+0	0.0000000E+0	0.0000000E+0
7.2961839E+2	2.5386695E+1	2.5352257E+1	2.0716761E+1	2.1255950E+1	1.7430000E+1	1.7390000E+0	0.0000000E+0	0.0000000E+0	0.0000000E+0	0.0000000E+0
7.3172497E+2	2.5420604E+1	2.5383405E+1	2.0717987E+1	2.1256716E+1	1.7330000E+1	1.7270000E+0	0.0000000E+0	0.0000000E+0	0.0000000E+0	0.0000000E+0
7.3383151E+2	2.5448836E+1	2.5413325E+1	2.0721052E+1	2.1257329E+1	1.7430000E+1	1.7370000E+0	0.0000000E+0	0.0000000E+0	0.0000000E+0	0.0000000E+0
7.3593687E+2	2.5481211E+1	2.5447849E+1	2.0722124E+1	2.1256716E+1	1.7430000E+1	1.7360000E+0	0.0000000E+0	0.0000000E+0	0.0000000E+0	0.0000000E+0
7.3804236E+2	2.5512820E+1	2.5487744E+1	2.0723656E+1	2.1259474E+1	1.7430000E+1	1.7360000E+0	0.0000000E+0	0.0000000E+0	0.0000000E+0	0.0000000E+0
7.4014891E+2	2.5545809E+1	2.5523496E+1	2.0726568E+1	2.1260394E+1	1.7440000E+1	1.7370000E+0	0.0000000E+0	0.0000000E+0	0.0000000E+0	0.0000000E+0
7.4225347E+2	2.5577418E+1	2.5553571E+1	2.0724576E+1	2.1261466E+1	1.7430000E+1	1.7360000E+0	0.0000000E+0	0.0000000E+0	0.0000000E+0	0.0000000E+0
7.4435881E+2	2.5611943E+1	2.5578122E+1	2.0723197E+1	2.1261007E+1	1.7430000E+1	1.7360000E+0	0.0000000E+0	0.0000000E+0	0.0000000E+0	0.0000000E+0
7.4646331E+2	2.5641711E+1	2.5605896E+1	2.0721052E+1	2.1260700E+1	1.7430000E+1	1.7360000E+0	0.0000000E+0	0.0000000E+0	0.0000000E+0	0.0000000E+0
7.4856832E+2	2.5669638E+1	2.5639041E+1	2.0719673E+1	2.1257789E+1	1.7430000E+1	1.7360000E+0	0.0000000E+0	0.0000000E+0	0.0000000E+0	0.0000000E+0
7.5067521E+2	2.5703703E+1	2.5665588E+1	2.0716915E+1	2.1256563E+1	1.7430000E+1	1.7370000E+0	0.0000000E+0	0.0000000E+0	0.0000000E+0	0.0000000E+0
7.5278074E+2	2.5735160E+1	2.5698119E+1	2.0718600E+1	2.1257942E+1	1.7430000E+1	1.7360000E+0	0.0000000E+0	0.0000000E+0	0.0000000E+0	0.0000000E+0
7.5488733E+2	2.5765850E+1	2.5737250E+1	2.0717834E+1	2.1258402E+1	1.7430000E+1	1.7360000E+0	0.0000000E+0	0.0000000E+0	0.0000000E+0	0.0000000E+0
7.5699288E+2	2.5799303E+1	2.5773465E+1	2.0716915E+1	2.1258095E+1	1.7430000E+1	1.7360000E+0	0.0000000E+0	0.0000000E+0	0.0000000E+0	0.0000000E+0
7.5909759E+2	2.5830914E+1	2.5807379E+1	2.0718600E+1	2.1258402E+1	1.7430000E+1	1.7370000E+0	0.0000000E+0	0.0000000E+0	0.0000000E+0	0.0000000E+0
7.6120271E+2	2.5861758E+1	2.5839758E+1	2.0717987E+1	2.1259934E+1	1.7430000E+1	1.7360000E+0	0.0000000E+0	0.0000000E+0	0.0000000E+0	0.0000000E+0
7.6330777E+2	2.5891682E+1	2.5864925E+1	2.0719826E+1	2.1260241E+1	1.7430000E+1	1.7370000E+0	0.0000000E+0	0.0000000E+0	0.0000000E+0	0.0000000E+0
7.6541252E+2	2.5924983E+1	2.5896231E+1	2.0720285E+1	2.1262692E+1	1.7430000E+1	1.7370000E+0	0.0000000E+0	0.0000000E+0	0.0000000E+0	0.0000000E+0
7.6751685E+2	2.5953219E+1	2.5925849E+1	2.0722277E+1	2.1264225E+1	1.7430000E+1	1.7360000E+0	0.0000000E+0	0.0000000E+0	0.0000000E+0	0.0000000E+0
7.6962200E+2	2.5984678E+1	2.5956542E+1	2.0723656E+1	2.1264531E+1	1.7430000E+1	1.7360000E+0	0.0000000E+0	0.0000000E+0	0.0000000E+0	0.0000000E+0
7.7172760E+2	2.6016752E+1	2.5990611E+1	2.0724576E+1	2.1264531E+1	1.7430000E+1	1.7360000E+0	0.0000000E+0	0.0000000E+0	0.0000000E+0	0.0000000E+0
7.7383416E+2	2.6051281E+1	2.6016240E+1	2.0722890E+1	2.1265144E+1	1.7430000E+1	1.7360000E+0	0.0000000E+0	0.0000000E+0	0.0000000E+0	0.0000000E+0
7.7593977E+2	2.6081820E+1	2.6050770E+1	2.0721205E+1	2.1264072E+1	1.7430000E+1	1.7360000E+0	0.0000000E+0	0.0000000E+0	0.0000000E+0	0.0000000E+0
7.7804450E+2	2.6111286E+1	2.6084379E+1	2.0719060E+1	2.1263918E+1	1.7430000E+1	1.7360000E+0	0.0000000E+0	0.0000000E+0	0.0000000E+0	0.0000000E+0
7.8015074E+2	2.6143667E+1	2.6115841E+1	2.0715229E+1	2.1263765E+1	1.7430000E+1	1.7360000E+0	0.0000000E+0	0.0000000E+0	0.0000000E+0	0.0000000E+0
7.8225603E+2	2.6174054E+1	2.6143005E+1	2.0710020E+1	2.1260853E+1	1.7430000E+1	1.7360000E+0	0.0000000E+0	0.0000000E+0	0.0000000E+0	0.0000000E+0
7.8436176E+2	2.6204441E+1	2.6174313E+1	2.0705729E+1	2.1258248E+1	1.7430000E+1	1.7370000E+0	0.0000000E+0	0.0000000E+0	0.0000000E+0	0.0000000E+0
7.8646602E+2	2.6237131E+1	2.6198562E+1	2.0700980E+1	2.1255950E+1	1.7430000E+1	1.7370000E+0	0.0000000E+0	0.0000000E+0	0.0000000E+0	0.0000000E+0
7.8857122E+2	2.6268439E+1	2.6232634E+1	2.0702512E+1	2.1255337E+1	1.7430000E+1	1.7360000E+0	0.0000000E+0	0.0000000E+0	0.0000000E+0	0.0000000E+0
7.9067565E+2	2.6300209E+1	2.6269468E+1	2.0704963E+1	2.1256256E+1	1.7430000E+1	1.7360000E+0	0.0000000E+0	0.0000000E+0	0.0000000E+0	0.0000000E+0
7.9278139E+2	2.6334127E+1	2.6308759E+1	2.0704197E+1	2.1258402E+1	1.7430000E+1	1.7360000E+0	0.0000000E+0	0.0000000E+0	0.0000000E+0	0.0000000E+0
7.9488419E+2	2.6365743E+1	2.6338534E+1	2.0708181E+1	2.1261160E+1	1.7430000E+1	1.7370000E+0	0.0000000E+0	0.0000000E+0	0.0000000E+0	0.0000000E+0
7.9698966E+2	2.6396746E+1	2.6370151E+1	2.0711858E+1	2.1267290E+1	1.7430000E+1	1.7360000E+0	0.0000000E+0	0.0000000E+0	0.0000000E+0	0.0000000E+0
7.9909552E+2	2.6426521E+1	2.6395169E+1	2.0712624E+1	2.1270508E+1	1.7430000E+1	1.7360000E+0	0.0000000E+0	0.0000000E+0	0.0000000E+0	0.0000000E+0
8.0120086E+2	2.6459213E+1	2.6427708E+1	2.0714463E+1	2.1273266E+1	1.7430000E+1	1.7360000E+0	0.0000000E+0	0.0000000E+0	0.0000000E+0	0.0000000E+0
8.0330599E+2	2.6488988E+1	2.6453340E+1	2.0717834E+1	2.1274645E+1	1.7430000E+1	1.7360000E+0	0.0000000E+0	0.0000000E+0	0.0000000E+0	0.0000000E+0
8.0541088E+2	2.6519685E+1	2.6485265E+1	2.0719979E+1	2.1276637E+1	1.7430000E+1	1.7360000E+0	0.0000000E+0	0.0000000E+0	0.0000000E+0	0.0000000E+0
8.0751744E+2	2.6550229E+1	2.6512586E+1	2.0722584E+1	2.1279549E+1	1.7430000E+1	1.7360000E+0	0.0000000E+0	0.0000000E+0	0.0000000E+0	0.0000000E+0
8.0962280E+2	2.6582001E+1	2.6554949E+1	2.0725342E+1	2.1280468E+1	1.7430000E+1	1.7360000E+0	0.0000000E+0	0.0000000E+0	0.0000000E+0	0.0000000E+0
8.1172831E+2	2.6616382E+1	2.6583345E+1	2.0729938E+1	2.1281234E+1	1.7430000E+1	1.7360000E+0	0.0000000E+0	0.0000000E+0	0.0000000E+0	0.0000000E+0
8.1383373E+2	2.6646313E+1	2.6615885E+1	2.0731317E+1	2.1280009E+1	1.7430000E+1	1.7360000E+0	0.0000000E+0	0.0000000E+0	0.0000000E+0	0.0000000E+0
8.1593980E+2	2.6674248E+1	2.6643361E+1	2.0732390E+1	2.1279242E+1	1.7430000E+1	1.7360000E+0	0.0000000E+0	0.0000000E+0	0.0000000E+0	0.0000000E+0
8.1804480E+2	2.6704947E+1	2.6675595E+1	2.0731777E+1	2.1277097E+1	1.7430000E+1	1.7360000E+0	0.0000000E+0	0.0000000E+0	0.0000000E+0	0.0000000E+0
8.2014980E+2	2.6737488E+1	2.6702150E+1	2.0733003E+1	2.1273879E+1	1.7430000E+1	1.7360000E+0	0.0000000E+0	0.0000000E+0	0.0000000E+0	0.0000000E+0
8.2225463E+2	2.6769262E+1	2.6738222E+1	2.0732237E+1	2.1273113E+1	1.7430000E+1	1.7360000E+0	0.0000000E+0	0.0000000E+0	0.0000000E+0	0.0000000E+0
8.2435904E+2	2.6797352E+1	2.6770150E+1	2.0731164E+1	2.1269741E+1	1.7430000E+1	1.7360000E+0	0.0000000E+0	0.0000000E+0	0.0000000E+0	0.0000000E+0
8.2646451E+2	2.6832196E+1	2.6795324E+1	2.0730398E+1	2.1268056E+1	1.7430000E+1	1.7360000E+0	0.0000000E+0	0.0000000E+0	0.0000000E+0	0.0000000E+0
8.2857046E+2	2.6862589E+1	2.6830016E+1	2.0730398E+1	2.1266983E+1	1.7430000E+1	1.7360000E+0	0.0000000E+0	0.0000000E+0	0.0000000E+0	0.0000000E+0
8.3067657E+2	2.6894824E+1	2.6861945E+1	2.0731164E+1	2.1265910E+1	1.7430000E+1	1.7360000E+0	0.0000000E+0	0.0000000E+0	0.0000000E+0	0.0000000E+0
8.3278186E+2	2.6925371E+1	2.6889729E+1	2.0725495E+1	2.1258708E+1	1.7440000E+1	1.7360000E+0	0.0000000E+0	0.0000000E+0	0.0000000E+0	0.0000000E+0
8.3488734E+2	2.6956686E+1	2.6921812E+1	2.0716302E+1	2.1249973E+1	1.7430000E+1	1.7360000E+0	0.0000000E+0	0.0000000E+0	0.0000000E+0	0.0000000E+0
8.3699270E+2	2.6988155E+1	2.6953435E+1	2.0709253E+1	2.1239706E+1	1.7430000E+1	1.7360000E+0	0.0000000E+0	0.0000000E+0	0.0000000E+0	0.0000000E+0
8.3909834E+2	2.7015633E+1	2.6985211E+1	2.0701439E+1	2.1232198E+1	1.7430000E+1	1.7360000E+0	0.0000000E+0	0.0000000E+0	0.0000000E+0	0.0000000E+0
8.4120428E+2	2.7048484E+1	2.7018523E+1	2.0696689E+1	2.1227294E+1	1.7430000E+1	1.7360000E+0	0.0000000E+0	0.0000000E+0	0.0000000E+0	0.0000000E+0
8.4330935E+2	2.7080260E+1	2.7054292E+1	2.0696383E+1	2.1223463E+1	1.7430000E+1	1.7360000E+0	0.0000000E+0	0.0000000E+0	0.0000000E+0	0.0000000E+0
8.4541338E+2	2.7111116E+1	2.7079929E+1	2.0697762E+1	2.1225302E+1	1.7430000E+1	1.7360000E+0	0.0000000E+0	0.0000000E+0	0.0000000E+0	0.0000000E+0
8.4751875E+2	2.7140590E+1	2.7110939E+1	2.0701133E+1	2.1230665E+1	1.7430000E+1	1.7360000E+0	0.0000000E+0	0.0000000E+0	0.0000000E+0	0.0000000E+0
8.4962476E+2	2.7169758E+1	2.7152695E+1	2.0703891E+1	2.1238327E+1	1.7430000E+1	1.7360000E+0	0.0000000E+0	0.0000000E+0	0.0000000E+0	0.0000000E+0
8.5173008E+2	2.7201536E+1	2.7177105E+1	2.0706649E+1	2.1244610E+1	1.7430000E+1	1.7360000E+0	0.0000000E+0	0.0000000E+0	0.0000000E+0	0.0000000E+0
8.5383655E+2	2.7235003E+1	2.7206120E+1	2.0708487E+1	2.1252425E+1	1.7430000E+1	1.7360000E+0	0.0000000E+0	0.0000000E+0	0.0000000E+0	0.0000000E+0
8.5594139E+2	2.7266781E+1	2.7226692E+1	2.0712778E+1	2.1258861E+1	1.7430000E+1	1.7360000E+0	0.0000000E+0	0.0000000E+0	0.0000000E+0	0.0000000E+0
8.5804639E+2	2.7299788E+1	2.7262002E+1	2.0723043E+1	2.1266370E+1	1.7430000E+1	1.7360000E+0	0.0000000E+0	0.0000000E+0	0.0000000E+0	0.0000000E+0
8.6015176E+2	2.7328803E+1	2.7292707E+1	2.0734535E+1	2.1277250E+1	1.7430000E+1	1.7360000E+0	0.0000000E+0	0.0000000E+0	0.0000000E+0	0.0000000E+0
8.6225831E+2	2.7358740E+1	2.7324640E+1	2.0745874E+1	2.1287364E+1	1.7430000E+1	1.7360000E+0	0.0000000E+0	0.0000000E+0	0.0000000E+0	0.0000000E+0
8.6436419E+2	2.7387296E+1	2.7357495E+1	2.0760123E+1	2.1302688E+1	1.7430000E+1	1.7370000E+0	0.0000000E+0	0.0000000E+0	0.0000000E+0	0.0000000E+0
8.6647101E+2	2.7419690E+1	2.7389429E+1	2.0773147E+1	2.1315254E+1	1.7430000E+1	1.7360000E+0	0.0000000E+0	0.0000000E+0	0.0000000E+0	0.0000000E+0
8.6857602E+2	2.7451931E+1	2.7430268E+1	2.0788623E+1	2.1325368E+1	1.7430000E+1	1.7360000E+0	0.0000000E+0	0.0000000E+0	0.0000000E+0	0.0000000E+0
8.7068135E+2	2.7482636E+1	2.7456829E+1	2.0798583E+1	2.1338241E+1	1.7440000E+1	1.7360000E+0	0.0000000E+0	0.0000000E+0	0.0000000E+0	0.0000000E+0
8.7278581E+2	2.7510579E+1	2.7479551E+1	2.0812526E+1	2.1352952E+1	1.7430000E+1	1.7360000E+0	0.0000000E+0	0.0000000E+0	0.0000000E+0	0.0000000E+0
8.7489117E+2	2.7544816E+1	2.7509644E+1	2.0838575E+1	2.1365518E+1	1.7430000E+1	1.7360000E+0	0.0000000E+0	0.0000000E+0	0.0000000E+0	0.0000000E+0
8.7699650E+2	2.7574755E+1	2.7541579E+1	2.0856196E+1	2.1374100E+1	1.7440000E+1	1.7360000E+0	0.0000000E+0	0.0000000E+0	0.0000000E+0	0.0000000E+0
8.7910106E+2	2.7606537E+1	2.7574897E+1	2.0867228E+1	2.1378850E+1	1.7430000E+1	1.7360000E+0	0.0000000E+0	0.0000000E+0	0.0000000E+0	0.0000000E+0
8.8120609E+2	2.7636630E+1	2.7603915E+1	2.0879333E+1	2.1385900E+1	1.7430000E+1	1.7360000E+0	0.0000000E+0	0.0000000E+0	0.0000000E+0	0.0000000E+0
8.8331213E+2	2.7669180E+1	2.7633856E+1	2.0888680E+1	2.1393715E+1	1.7430000E+1	1.7360000E+0	0.0000000E+0	0.0000000E+0	0.0000000E+0	0.0000000E+0
8.8541761E+2	2.7701269E+1	2.7658576E+1	2.0895882E+1	2.1401531E+1	1.7430000E+1	1.7360000E+0	0.0000000E+0	0.0000000E+0	0.0000000E+0	0.0000000E+0
8.8752196E+2	2.7729981E+1	2.7692201E+1	2.0896035E+1	2.1400918E+1	1.7430000E+1	1.7360000E+0	0.0000000E+0	0.0000000E+0	0.0000000E+0	0.0000000E+0
8.8962743E+2	2.7756851E+1	2.7727363E+1	2.0894656E+1	2.1396014E+1	1.7430000E+1	1.7370000E+0	0.0000000E+0	0.0000000E+0	0.0000000E+0	0.0000000E+0
8.9173049E+2	2.7789248E+1	2.7761296E+1	2.0890826E+1	2.1388198E+1	1.7430000E+1	1.7360000E+0	0.0000000E+0	0.0000000E+0	0.0000000E+0	0.0000000E+0
8.9383524E+2	2.7818422E+1	2.7786478E+1	2.0882551E+1	2.1378084E+1	1.7440000E+1	1.7360000E+0	0.0000000E+0	0.0000000E+0	0.0000000E+0	0.0000000E+0
8.9593971E+2	2.7850513E+1	2.7819491E+1	2.0875656E+1	2.1366284E+1	1.7430000E+1	1.7360000E+0	0.0000000E+0	0.0000000E+0	0.0000000E+0	0.0000000E+0
8.9804566E+2	2.7882757E+1	2.7855728E+1	2.0864317E+1	2.1354638E+1	1.7430000E+1	1.7360000E+0	0.0000000E+0	0.0000000E+0	0.0000000E+0	0.0000000E+0
9.0015143E+2	2.7913467E+1	2.7886592E+1	2.0853744E+1	2.1342225E+1	1.7430000E+1	1.7360000E+0	0.0000000E+0	0.0000000E+0	0.0000000E+0	0.0000000E+0
9.0225768E+2	2.7943409E+1	2.7918531E+1	2.0843938E+1	2.1330578E+1	1.7430000E+1	1.7360000E+0	0.0000000E+0	0.0000000E+0	0.0000000E+0	0.0000000E+0
9.0436197E+2	2.7974273E+1	2.7944021E+1	2.0833059E+1	2.1317859E+1	1.7430000E+1	1.7360000E+0	0.0000000E+0	0.0000000E+0	0.0000000E+0	0.0000000E+0
9.0646582E+2	2.8004216E+1	2.7973657E+1	2.0821413E+1	2.1304987E+1	1.7430000E+1	1.7370000E+0	0.0000000E+0	0.0000000E+0	0.0000000E+0	0.0000000E+0
9.0857103E+2	2.8036462E+1	2.8001912E+1	2.0810381E+1	2.1293800E+1	1.7430000E+1	1.7370000E+0	0.0000000E+0	0.0000000E+0	0.0000000E+0	0.0000000E+0
9.1067625E+2	2.8068555E+1	2.8036001E+1	2.0803333E+1	2.1284146E+1	1.7430000E+1	1.7360000E+0	0.0000000E+0	0.0000000E+0	0.0000000E+0	0.0000000E+0
9.1278089E+2	2.8097270E+1	2.8069324E+1	2.0798583E+1	2.1282767E+1	1.7430000E+1	1.7360000E+0	0.0000000E+0	0.0000000E+0	0.0000000E+0	0.0000000E+0
9.1488713E+2	2.8128443E+1	2.8096504E+1	2.0794905E+1	2.1286751E+1	1.7430000E+1	1.7360000E+0	0.0000000E+0	0.0000000E+0	0.0000000E+0	0.0000000E+0
9.1699303E+2	2.8159615E+1	2.8132437E+1	2.0797970E+1	2.1293800E+1	1.7430000E+1	1.7360000E+0	0.0000000E+0	0.0000000E+0	0.0000000E+0	0.0000000E+0
9.1909832E+2	2.8190788E+1	2.8160232E+1	2.0802720E+1	2.1299010E+1	1.7430000E+1	1.7360000E+0	0.0000000E+0	0.0000000E+0	0.0000000E+0	0.0000000E+0
9.2120381E+2	2.8221500E+1	2.8191406E+1	2.0804558E+1	2.1304834E+1	1.7430000E+1	1.7360000E+0	0.0000000E+0	0.0000000E+0	0.0000000E+0	0.0000000E+0
9.2330919E+2	2.8252827E+1	2.8217666E+1	2.0808083E+1	2.1310504E+1	1.7430000E+1	1.7360000E+0	0.0000000E+0	0.0000000E+0	0.0000000E+0	0.0000000E+0
9.2541597E+2	2.8283387E+1	2.8248072E+1	2.0812526E+1	2.1316480E+1	1.7430000E+1	1.7360000E+0	0.0000000E+0	0.0000000E+0	0.0000000E+0	0.0000000E+0
9.2752023E+2	2.8312411E+1	2.8285083E+1	2.0818042E+1	2.1320005E+1	1.7430000E+1	1.7360000E+0	0.0000000E+0	0.0000000E+0	0.0000000E+0	0.0000000E+0
9.2962554E+2	2.8344507E+1	2.8313186E+1	2.0819575E+1	2.1324142E+1	1.7430000E+1	1.7360000E+0	0.0000000E+0	0.0000000E+0	0.0000000E+0	0.0000000E+0
9.3173012E+2	2.8374299E+1	2.8342518E+1	2.0822792E+1	2.1323989E+1	1.7430000E+1	1.7360000E+0	0.0000000E+0	0.0000000E+0	0.0000000E+0	0.0000000E+0
9.3383563E+2	2.8401788E+1	2.8375383E+1	2.0826163E+1	2.1325215E+1	1.7430000E+1	1.7360000E+0	0.0000000E+0	0.0000000E+0	0.0000000E+0	0.0000000E+0
9.3593990E+2	2.8432810E+1	2.8405023E+1	2.0827849E+1	2.1325981E+1	1.7430000E+1	1.7360000E+0	0.0000000E+0	0.0000000E+0	0.0000000E+0	0.0000000E+0
9.3804548E+2	2.8462296E+1	2.8431438E+1	2.0831680E+1	2.1326288E+1	1.7440000E+1	1.7360000E+0	0.0000000E+0	0.0000000E+0	0.0000000E+0	0.0000000E+0
9.4014851E+2	2.8494393E+1	2.8463689E+1	2.0831067E+1	2.1329199E+1	1.7430000E+1	1.7360000E+0	0.0000000E+0	0.0000000E+0	0.0000000E+0	0.0000000E+0
9.4225470E+2	2.8523265E+1	2.8494251E+1	2.0830607E+1	2.1333490E+1	1.7430000E+1	1.7360000E+0	0.0000000E+0	0.0000000E+0	0.0000000E+0	0.0000000E+0
9.4435833E+2	2.8557513E+1	2.8522356E+1	2.0829228E+1	2.1338241E+1	1.7430000E+1	1.7360000E+0	0.0000000E+0	0.0000000E+0	0.0000000E+0	0.0000000E+0
9.4646359E+2	2.8586386E+1	2.8557527E+1	2.0828462E+1	2.1341765E+1	1.7430000E+1	1.7360000E+0	0.0000000E+0	0.0000000E+0	0.0000000E+0	0.0000000E+0
9.4856935E+2	2.8615413E+1	2.8590240E+1	2.0828921E+1	2.1343911E+1	1.7430000E+1	1.7360000E+0	0.0000000E+0	0.0000000E+0	0.0000000E+0	0.0000000E+0
9.5067462E+2	2.8646129E+1	2.8621571E+1	2.0828002E+1	2.1344983E+1	1.7430000E+1	1.7360000E+0	0.0000000E+0	0.0000000E+0	0.0000000E+0	0.0000000E+0
9.5277903E+2	2.8674696E+1	2.8651981E+1	2.0824478E+1	2.1346516E+1	1.7430000E+1	1.7360000E+0	0.0000000E+0	0.0000000E+0	0.0000000E+0	0.0000000E+0
9.5488686E+2	2.8704645E+1	2.8681163E+1	2.0819881E+1	2.1348048E+1	1.7430000E+1	1.7360000E+0	0.0000000E+0	0.0000000E+0	0.0000000E+0	0.0000000E+0
9.5699143E+2	2.8737973E+1	2.8714184E+1	2.0816357E+1	2.1347282E+1	1.7430000E+1	1.7360000E+0	0.0000000E+0	0.0000000E+0	0.0000000E+0	0.0000000E+0
9.5909654E+2	2.8771916E+1	2.8741677E+1	2.0812986E+1	2.1348661E+1	1.7430000E+1	1.7360000E+0	0.0000000E+0	0.0000000E+0	0.0000000E+0	0.0000000E+0
9.6120216E+2	2.8802941E+1	2.8768402E+1	2.0810841E+1	2.1349887E+1	1.7430000E+1	1.7360000E+0	0.0000000E+0	0.0000000E+0	0.0000000E+0	0.0000000E+0
9.6330745E+2	2.8832737E+1	2.8797431E+1	2.0809155E+1	2.1350960E+1	1.7430000E+1	1.7360000E+0	0.0000000E+0	0.0000000E+0	0.0000000E+0	0.0000000E+0
9.6541403E+2	2.8865913E+1	2.8827689E+1	2.0805325E+1	2.1353412E+1	1.7430000E+1	1.7360000E+0	0.0000000E+0	0.0000000E+0	0.0000000E+0	0.0000000E+0
9.6752085E+2	2.8894328E+1	2.8861480E+1	2.0801341E+1	2.1355710E+1	1.7430000E+1	1.7360000E+0	0.0000000E+0	0.0000000E+0	0.0000000E+0	0.0000000E+0
9.6962628E+2	2.8923511E+1	2.8886977E+1	2.0798889E+1	2.1356477E+1	1.7430000E+1	1.7360000E+0	0.0000000E+0	0.0000000E+0	0.0000000E+0	0.0000000E+0
9.7173305E+2	2.8955919E+1	2.8919540E+1	2.0798123E+1	2.1355557E+1	1.7430000E+1	1.7360000E+0	0.0000000E+0	0.0000000E+0	0.0000000E+0	0.0000000E+0
9.7383710E+2	2.8986793E+1	2.8951335E+1	2.0796897E+1	2.1353412E+1	1.7440000E+1	1.7360000E+0	0.0000000E+0	0.0000000E+0	0.0000000E+0	0.0000000E+0
9.7594289E+2	2.9013519E+1	2.8977908E+1	2.0792300E+1	2.1348355E+1	1.7430000E+1	1.7360000E+0	0.0000000E+0	0.0000000E+0	0.0000000E+0	0.0000000E+0
9.7804906E+2	2.9046850E+1	2.9008475E+1	2.0789389E+1	2.1343144E+1	1.7430000E+1	1.7360000E+0	0.0000000E+0	0.0000000E+0	0.0000000E+0	0.0000000E+0
9.8015519E+2	2.9074345E+1	2.9042729E+1	2.0795059E+1	2.1346209E+1	1.7430000E+1	1.7360000E+0	0.0000000E+0	0.0000000E+0	0.0000000E+0	0.0000000E+0
9.8226028E+2	2.9106908E+1	2.9073296E+1	2.0800115E+1	2.1352492E+1	1.7440000E+1	1.7360000E+0	0.0000000E+0	0.0000000E+0	0.0000000E+0	0.0000000E+0
9.8436334E+2	2.9136708E+1	2.9103864E+1	2.0811913E+1	2.1360155E+1	1.7430000E+1	1.7360000E+0	0.0000000E+0	0.0000000E+0	0.0000000E+0	0.0000000E+0
9.8646880E+2	2.9164817E+1	2.9134893E+1	2.0821413E+1	2.1367204E+1	1.7430000E+1	1.7370000E+0	0.0000000E+0	0.0000000E+0	0.0000000E+0	0.0000000E+0
9.8857338E+2	2.9195692E+1	2.9163003E+1	2.0826623E+1	2.1372567E+1	1.7430000E+1	1.7370000E+0	0.0000000E+0	0.0000000E+0	0.0000000E+0	0.0000000E+0
9.9067773E+2	2.9225953E+1	2.9189578E+1	2.0831986E+1	2.1376858E+1	1.7430000E+1	1.7360000E+0	0.0000000E+0	0.0000000E+0	0.0000000E+0	0.0000000E+0
9.9278310E+2	2.9256214E+1	2.9225062E+1	2.0838268E+1	2.1381149E+1	1.7430000E+1	1.7360000E+0	0.0000000E+0	0.0000000E+0	0.0000000E+0	0.0000000E+0
9.9488823E+2	2.9286322E+1	2.9252713E+1	2.0845317E+1	2.1387126E+1	1.7440000E+1	1.7370000E+0	0.0000000E+0	0.0000000E+0	0.0000000E+0	0.0000000E+0
9.9699309E+2	2.9316430E+1	2.9278059E+1	2.0850220E+1	2.1392336E+1	1.7440000E+1	1.7360000E+0	0.0000000E+0	0.0000000E+0	0.0000000E+0	0.0000000E+0
9.9909869E+2	2.9348689E+1	2.9313391E+1	2.0860333E+1	2.1398772E+1	1.7430000E+1	1.7360000E+0	0.0000000E+0	0.0000000E+0	0.0000000E+0	0.0000000E+0
1.0012028E+3	2.9373114E+1	2.9345651E+1	2.0867075E+1	2.1405056E+1	1.7430000E+1	1.7360000E+0	0.0000000E+0	0.0000000E+0	0.0000000E+0	0.0000000E+0
1.0033075E+3	2.9402608E+1	2.9371305E+1	2.0868761E+1	2.1408274E+1	1.7430000E+1	1.7360000E+0	0.0000000E+0	0.0000000E+0	0.0000000E+0	0.0000000E+0
1.0054144E+3	2.9433025E+1	2.9399878E+1	2.0870599E+1	2.1414557E+1	1.7430000E+1	1.7360000E+0	0.0000000E+0	0.0000000E+0	0.0000000E+0	0.0000000E+0
1.0075203E+3	2.9464056E+1	2.9428759E+1	2.0873358E+1	2.1422526E+1	1.7430000E+1	1.7360000E+0	0.0000000E+0	0.0000000E+0	0.0000000E+0	0.0000000E+0
1.0096268E+3	2.9495855E+1	2.9469777E+1	2.0875349E+1	2.1428349E+1	1.7430000E+1	1.7360000E+0	0.0000000E+0	0.0000000E+0	0.0000000E+0	0.0000000E+0
1.0117332E+3	2.9527041E+1	2.9500655E+1	2.0876422E+1	2.1438157E+1	1.7430000E+1	1.7360000E+0	0.0000000E+0	0.0000000E+0	0.0000000E+0	0.0000000E+0
1.0138388E+3	2.9554232E+1	2.9529076E+1	2.0878261E+1	2.1450264E+1	1.7430000E+1	1.7360000E+0	0.0000000E+0	0.0000000E+0	0.0000000E+0	0.0000000E+0
1.0159432E+3	2.9585111E+1	2.9561031E+1	2.0877801E+1	2.1458999E+1	1.7430000E+1	1.7360000E+0	0.0000000E+0	0.0000000E+0	0.0000000E+0	0.0000000E+0
1.0180478E+3	2.9614760E+1	2.9591603E+1	2.0878108E+1	2.1463596E+1	1.7430000E+1	1.7360000E+0	0.0000000E+0	0.0000000E+0	0.0000000E+0	0.0000000E+0
1.0201542E+3	2.9644257E+1	2.9623097E+1	2.0877495E+1	2.1465282E+1	1.7430000E+1	1.7360000E+0	0.0000000E+0	0.0000000E+0	0.0000000E+0	0.0000000E+0
1.0222597E+3	2.9675444E+1	2.9649829E+1	2.0876116E+1	2.1462217E+1	1.7430000E+1	1.7360000E+0	0.0000000E+0	0.0000000E+0	0.0000000E+0	0.0000000E+0
1.0243650E+3	2.9707245E+1	2.9682399E+1	2.0871978E+1	2.1459918E+1	1.7430000E+1	1.7360000E+0	0.0000000E+0	0.0000000E+0	0.0000000E+0	0.0000000E+0
1.0264713E+3	2.9735974E+1	2.9711129E+1	2.0867228E+1	2.1456394E+1	1.7430000E+1	1.7360000E+0	0.0000000E+0	0.0000000E+0	0.0000000E+0	0.0000000E+0
1.0285759E+3	2.9769005E+1	2.9741395E+1	2.0862478E+1	2.1452103E+1	1.7430000E+1	1.7360000E+0	0.0000000E+0	0.0000000E+0	0.0000000E+0	0.0000000E+0
1.0306796E+3	2.9799271E+1	2.9771815E+1	2.0857575E+1	2.1450264E+1	1.7430000E+1	1.7360000E+0	0.0000000E+0	0.0000000E+0	0.0000000E+0	0.0000000E+0
1.0327834E+3	2.9832303E+1	2.9799317E+1	2.0857575E+1	2.1449497E+1	1.7430000E+1	1.7360000E+0	0.0000000E+0	0.0000000E+0	0.0000000E+0	0.0000000E+0
1.0348881E+3	2.9860419E+1	2.9826664E+1	2.0858035E+1	2.1455627E+1	1.7430000E+1	1.7360000E+0	0.0000000E+0	0.0000000E+0	0.0000000E+0	0.0000000E+0
1.0369945E+3	2.9887766E+1	2.9853552E+1	2.0858954E+1	2.1459918E+1	1.7430000E+1	1.7360000E+0	0.0000000E+0	0.0000000E+0	0.0000000E+0	0.0000000E+0
1.0390990E+3	2.9919570E+1	2.9886585E+1	2.0861406E+1	2.1467581E+1	1.7430000E+1	1.7360000E+0	0.0000000E+0	0.0000000E+0	0.0000000E+0	0.0000000E+0
1.0412056E+3	2.9950452E+1	2.9912551E+1	2.0865696E+1	2.1473864E+1	1.7430000E+1	1.7360000E+0	0.0000000E+0	0.0000000E+0	0.0000000E+0	0.0000000E+0
1.0433118E+3	2.9981181E+1	2.9942665E+1	2.0866615E+1	2.1478002E+1	1.7440000E+1	1.7360000E+0	0.0000000E+0	0.0000000E+0	0.0000000E+0	0.0000000E+0
1.0454178E+3	3.0013446E+1	2.9972319E+1	2.0867841E+1	2.1483825E+1	1.7430000E+1	1.7360000E+0	0.0000000E+0	0.0000000E+0	0.0000000E+0	0.0000000E+0
1.0475216E+3	3.0043099E+1	3.0009348E+1	2.0867382E+1	2.1490415E+1	1.7430000E+1	1.7360000E+0	0.0000000E+0	0.0000000E+0	0.0000000E+0	0.0000000E+0
1.0496244E+3	3.0070910E+1	3.0032703E+1	2.0866769E+1	2.1501296E+1	1.7430000E+1	1.7360000E+0	0.0000000E+0	0.0000000E+0	0.0000000E+0	0.0000000E+0
1.0517302E+3	3.0102715E+1	3.0064201E+1	2.0868454E+1	2.1524743E+1	1.7430000E+1	1.7360000E+0	0.0000000E+0	0.0000000E+0	0.0000000E+0	0.0000000E+0
1.0538351E+3	3.0131755E+1	3.0094932E+1	2.0872132E+1	2.1535011E+1	1.7430000E+1	1.7360000E+0	0.0000000E+0	0.0000000E+0	0.0000000E+0	0.0000000E+0
1.0559360E+3	3.0158490E+1	3.0123972E+1	2.0874583E+1	2.1537923E+1	1.7430000E+1	1.7360000E+0	0.0000000E+0	0.0000000E+0	0.0000000E+0	0.0000000E+0
