 7.94000000000000E+0002 9.78000000000000E+0002
 7.95000000000000E+0002 9.82000000000000E+0002
 7.96000000000000E+0002 9.86000000000000E+0002
 7.97000000000000E+0002 9.92000000000000E+0002
 7.98000000000000E+0002 9.94000000000000E+0002
 7.99000000000000E+0002 9.98000000000000E+0002
 8.00000000000000E+0002 9.95000000000000E+0002
 8.01000000000000E+0002 9.94000000000000E+0002
 8.02000000000000E+0002 9.92000000000000E+0002
 8.03000000000000E+0002 9.91000000000000E+0002
 8.04000000000000E+0002 9.84000000000000E+0002
 8.05000000000000E+0002 9.82000000000000E+0002
 8.06000000000000E+0002 9.73000000000000E+0002
 8.07000000000000E+0002 9.67000000000000E+0002
 8.08000000000000E+0002 9.60000000000000E+0002
 8.09000000000000E+0002 9.50000000000000E+0002
 8.10000000000000E+0002 9.46000000000000E+0002
 8.11000000000000E+0002 9.29000000000000E+0002
 8.12000000000000E+0002 9.25000000000000E+0002
 8.13000000000000E+0002 9.16000000000000E+0002
 8.14000000000000E+0002 9.10000000000000E+0002
 8.15000000000000E+0002 9.05000000000000E+0002
 8.16000000000000E+0002 9.01000000000000E+0002
 8.17000000000000E+0002 8.99000000000000E+0002
 8.18000000000000E+0002 8.94000000000000E+0002
 8.19000000000000E+0002 8.92000000000000E+0002
 8.20000000000000E+0002 8.89000000000000E+0002
 8.21000000000000E+0002 8.89000000000000E+0002
 8.22000000000000E+0002 8.91000000000000E+0002
 8.23000000000000E+0002 8.94000000000000E+0002
 8.24000000000000E+0002 8.95000000000000E+0002
 8.25000000000000E+0002 9.00000000000000E+0002
 8.26000000000000E+0002 9.05000000000000E+0002
 8.27000000000000E+0002 9.09000000000000E+0002
 8.28000000000000E+0002 9.14000000000000E+0002
 8.29000000000000E+0002 9.12000000000000E+0002
 8.30000000000000E+0002 9.21000000000000E+0002
 8.31000000000000E+0002 9.24000000000000E+0002
 8.32000000000000E+0002 9.13000000000000E+0002
 8.33000000000000E+0002 9.48000000000000E+0002
 8.34000000000000E+0002 7.41000000000000E+0002
 8.35000000000000E+0002 9.76000000000000E+0002
 8.36000000000000E+0002 9.81000000000000E+0002
 8.37000000000000E+0002 9.82000000000000E+0002
 8.38000000000000E+0002 9.82000000000000E+0002
 8.39000000000000E+0002 9.77000000000000E+0002
 8.40000000000000E+0002 9.80000000000000E+0002
 8.41000000000000E+0002 9.77000000000000E+0002
 8.42000000000000E+0002 9.73000000000000E+0002
 8.43000000000000E+0002 9.68000000000000E+0002
 8.44000000000000E+0002 9.53000000000000E+0002
 8.45000000000000E+0002 9.52000000000000E+0002
 8.46000000000000E+0002 9.53000000000000E+0002
 8.47000000000000E+0002 9.47000000000000E+0002
 8.48000000000000E+0002 9.46000000000000E+0002
 8.49000000000000E+0002 9.38000000000000E+0002
 8.50000000000000E+0002 9.31000000000000E+0002
 8.51000000000000E+0002 9.27000000000000E+0002
 8.52000000000000E+0002 9.23000000000000E+0002
 8.53000000000000E+0002 9.15000000000000E+0002
 8.54000000000000E+0002 9.13000000000000E+0002
 8.55000000000000E+0002 9.05000000000000E+0002
 8.56000000000000E+0002 9.03000000000000E+0002
 8.57000000000000E+0002 9.00000000000000E+0002
 8.58000000000000E+0002 8.97000000000000E+0002
 8.59000000000000E+0002 8.99000000000000E+0002
 8.60000000000000E+0002 8.96000000000000E+0002
 8.61000000000000E+0002 8.96000000000000E+0002
 8.62000000000000E+0002 8.96000000000000E+0002
 8.63000000000000E+0002 9.00000000000000E+0002
 8.64000000000000E+0002 9.02000000000000E+0002
 8.65000000000000E+0002 9.06000000000000E+0002
 8.66000000000000E+0002 9.09000000000000E+0002
 8.67000000000000E+0002 9.11000000000000E+0002
 8.68000000000000E+0002 9.17000000000000E+0002
 8.69000000000000E+0002 9.22000000000000E+0002
 8.70000000000000E+0002 9.28000000000000E+0002
 8.71000000000000E+0002 9.34000000000000E+0002
 8.72000000000000E+0002 9.37000000000000E+0002
 8.73000000000000E+0002 9.42000000000000E+0002
 8.74000000000000E+0002 9.47000000000000E+0002
 8.75000000000000E+0002 9.52000000000000E+0002
 8.76000000000000E+0002 9.56000000000000E+0002
 8.77000000000000E+0002 9.63000000000000E+0002
 8.78000000000000E+0002 9.66000000000000E+0002
 8.79000000000000E+0002 9.70000000000000E+0002
 8.80000000000000E+0002 9.72000000000000E+0002
 8.81000000000000E+0002 9.73000000000000E+0002
 8.82000000000000E+0002 9.75000000000000E+0002
 8.83000000000000E+0002 9.78000000000000E+0002
 8.84000000000000E+0002 9.77000000000000E+0002
 8.85000000000000E+0002 9.74000000000000E+0002
 8.86000000000000E+0002 9.73000000000000E+0002
 8.87000000000000E+0002 9.68000000000000E+0002
 8.88000000000000E+0002 9.66000000000000E+0002
 8.89000000000000E+0002 9.62000000000000E+0002
 8.90000000000000E+0002 9.53000000000000E+0002
 8.91000000000000E+0002 9.48000000000000E+0002
 8.92000000000000E+0002 9.45000000000000E+0002
 8.93000000000000E+0002 9.42000000000000E+0002
 8.94000000000000E+0002 9.36000000000000E+0002
 8.95000000000000E+0002 9.33000000000000E+0002
 8.96000000000000E+0002 9.25000000000000E+0002
 8.97000000000000E+0002 9.22000000000000E+0002
 8.98000000000000E+0002 9.15000000000000E+0002
 8.99000000000000E+0002 9.15000000000000E+0002
 9.00000000000000E+0002 9.11000000000000E+0002
 9.01000000000000E+0002 9.05000000000000E+0002
 9.02000000000000E+0002 9.06000000000000E+0002
 9.03000000000000E+0002 9.04000000000000E+0002
 9.04000000000000E+0002 9.03000000000000E+0002
 9.05000000000000E+0002 9.05000000000000E+0002
 9.06000000000000E+0002 9.05000000000000E+0002
 9.07000000000000E+0002 9.05000000000000E+0002
 9.08000000000000E+0002 9.07000000000000E+0002
 9.09000000000000E+0002 9.09000000000000E+0002
 9.10000000000000E+0002 9.12000000000000E+0002
 9.11000000000000E+0002 9.15000000000000E+0002
 9.12000000000000E+0002 9.18000000000000E+0002
 9.13000000000000E+0002 9.24000000000000E+0002
 9.14000000000000E+0002 9.27000000000000E+0002
 9.15000000000000E+0002 9.32000000000000E+0002
 9.16000000000000E+0002 9.36000000000000E+0002
 9.17000000000000E+0002 9.40000000000000E+0002
 9.18000000000000E+0002 9.46000000000000E+0002
 9.19000000000000E+0002 9.47000000000000E+0002
 9.20000000000000E+0002 9.52000000000000E+0002
 9.21000000000000E+0002 9.52000000000000E+0002
 9.22000000000000E+0002 9.62000000000000E+0002
 9.23000000000000E+0002 9.62000000000000E+0002
 9.24000000000000E+0002 9.67000000000000E+0002
 9.25000000000000E+0002 9.65000000000000E+0002
 9.26000000000000E+0002 9.69000000000000E+0002
 9.27000000000000E+0002 9.69000000000000E+0002
 9.28000000000000E+0002 9.69000000000000E+0002
 9.29000000000000E+0002 9.53000000000000E+0002
 9.30000000000000E+0002 9.67000000000000E+0002
 9.31000000000000E+0002 9.67000000000000E+0002
 9.32000000000000E+0002 9.63000000000000E+0002
 9.33000000000000E+0002 9.53000000000000E+0002
 9.34000000000000E+0002 9.53000000000000E+0002
 9.35000000000000E+0002 9.53000000000000E+0002
 9.36000000000000E+0002 9.49000000000000E+0002
 9.37000000000000E+0002 9.46000000000000E+0002
 9.38000000000000E+0002 9.42000000000000E+0002
 9.39000000000000E+0002 9.36000000000000E+0002
 9.40000000000000E+0002 9.35000000000000E+0002
 9.41000000000000E+0002 9.30000000000000E+0002
 9.42000000000000E+0002 9.28000000000000E+0002
 9.43000000000000E+0002 9.22000000000000E+0002
 9.44000000000000E+0002 9.20000000000000E+0002
 9.45000000000000E+0002 9.17000000000000E+0002
 9.46000000000000E+0002 9.14000000000000E+0002
 9.47000000000000E+0002 9.15000000000000E+0002
 9.48000000000000E+0002 9.12000000000000E+0002
 9.49000000000000E+0002 9.13000000000000E+0002
 9.50000000000000E+0002 9.13000000000000E+0002
 9.51000000000000E+0002 9.13000000000000E+0002
 9.52000000000000E+0002 9.12000000000000E+0002
 9.53000000000000E+0002 9.13000000000000E+0002
 9.54000000000000E+0002 9.17000000000000E+0002
 9.55000000000000E+0002 9.17000000000000E+0002
 9.56000000000000E+0002 9.18000000000000E+0002
 9.57000000000000E+0002 9.25000000000000E+0002
 9.58000000000000E+0002 9.24000000000000E+0002
 9.59000000000000E+0002 9.28000000000000E+0002
 9.60000000000000E+0002 9.33000000000000E+0002
 9.61000000000000E+0002 9.37000000000000E+0002
 9.62000000000000E+0002 9.39000000000000E+0002
 9.63000000000000E+0002 9.46000000000000E+0002
 9.64000000000000E+0002 9.47000000000000E+0002
 9.65000000000000E+0002 9.49000000000000E+0002
 9.66000000000000E+0002 9.53000000000000E+0002
 9.67000000000000E+0002 9.52000000000000E+0002
 9.68000000000000E+0002 9.61000000000000E+0002
 9.69000000000000E+0002 9.53000000000000E+0002
 9.70000000000000E+0002 9.67000000000000E+0002
 9.71000000000000E+0002 9.66000000000000E+0002
 9.72000000000000E+0002 9.63000000000000E+0002
 9.73000000000000E+0002 9.68000000000000E+0002
 9.74000000000000E+0002 9.67000000000000E+0002
 9.75000000000000E+0002 9.66000000000000E+0002
 9.76000000000000E+0002 9.53000000000000E+0002
 9.77000000000000E+0002 9.63000000000000E+0002
 9.78000000000000E+0002 9.53000000000000E+0002
 9.79000000000000E+0002 9.59000000000000E+0002
 9.80000000000000E+0002 9.53000000000000E+0002
 9.81000000000000E+0002 9.49000000000000E+0002
 9.82000000000000E+0002 9.48000000000000E+0002
 9.83000000000000E+0002 9.46000000000000E+0002
 9.84000000000000E+0002 9.37000000000000E+0002
 9.85000000000000E+0002 9.37000000000000E+0002
 9.86000000000000E+0002 9.36000000000000E+0002
 9.87000000000000E+0002 9.32000000000000E+0002
 9.88000000000000E+0002 9.28000000000000E+0002
 9.89000000000000E+0002 9.25000000000000E+0002
 9.90000000000000E+0002 9.22000000000000E+0002
 9.91000000000000E+0002 9.19000000000000E+0002
 9.92000000000000E+0002 9.16000000000000E+0002
 9.93000000000000E+0002 9.14000000000000E+0002
 9.94000000000000E+0002 9.14000000000000E+0002
 9.95000000000000E+0002 9.14000000000000E+0002
 9.96000000000000E+0002 9.14000000000000E+0002
 9.97000000000000E+0002 9.14000000000000E+0002
 9.98000000000000E+0002 9.15000000000000E+0002
 9.99000000000000E+0002 9.15000000000000E+0002
 1.00000000000000E+0003 9.18000000000000E+0002
 1.00100000000000E+0003 9.19000000000000E+0002
 1.00200000000000E+0003 9.20000000000000E+0002
 1.00300000000000E+0003 9.25000000000000E+0002
 1.00400000000000E+0003 9.27000000000000E+0002
 1.00500000000000E+0003 9.30000000000000E+0002
 1.00600000000000E+0003 9.36000000000000E+0002
 1.00700000000000E+0003 9.37000000000000E+0002
 1.00800000000000E+0003 9.39000000000000E+0002
 1.00900000000000E+0003 9.46000000000000E+0002
 1.01000000000000E+0003 9.47000000000000E+0002
 1.01100000000000E+0003 9.49000000000000E+0002
 1.01200000000000E+0003 9.52000000000000E+0002
 1.01300000000000E+0003 9.53000000000000E+0002
 1.01400000000000E+0003 9.53000000000000E+0002
 1.01500000000000E+0003 9.53000000000000E+0002
 1.01600000000000E+0003 9.53000000000000E+0002
 1.01700000000000E+0003 9.62000000000000E+0002
 1.01800000000000E+0003 9.62000000000000E+0002
 1.01900000000000E+0003 9.63000000000000E+0002
 1.02000000000000E+0003 9.53000000000000E+0002
 1.02100000000000E+0003 9.52000000000000E+0002
 1.02200000000000E+0003 9.53000000000000E+0002
 1.02300000000000E+0003 9.53000000000000E+0002
 1.02400000000000E+0003 9.53000000000000E+0002
 1.02500000000000E+0003 9.52000000000000E+0002
 1.02600000000000E+0003 9.52000000000000E+0002
 1.02700000000000E+0003 9.45000000000000E+0002
 1.02800000000000E+0003 9.41000000000000E+0002
 1.02900000000000E+0003 9.40000000000000E+0002
 1.03000000000000E+0003 9.36000000000000E+0002
 1.03100000000000E+0003 9.36000000000000E+0002
 1.03200000000000E+0003 9.30000000000000E+0002
 1.03300000000000E+0003 9.27000000000000E+0002
 1.03400000000000E+0003 9.24000000000000E+0002
 1.03500000000000E+0003 9.22000000000000E+0002
 1.03600000000000E+0003 9.20000000000000E+0002
 1.03700000000000E+0003 9.18000000000000E+0002
 1.03800000000000E+0003 9.18000000000000E+0002
 1.03900000000000E+0003 9.15000000000000E+0002
 1.04000000000000E+0003 9.17000000000000E+0002
 1.04100000000000E+0003 9.17000000000000E+0002
 1.04200000000000E+0003 9.17000000000000E+0002
 1.04300000000000E+0003 9.18000000000000E+0002
 1.04400000000000E+0003 9.19000000000000E+0002
 1.04500000000000E+0003 9.23000000000000E+0002
 1.04600000000000E+0003 9.25000000000000E+0002
 1.04700000000000E+0003 9.25000000000000E+0002
 1.04800000000000E+0003 9.29000000000000E+0002
 1.04900000000000E+0003 9.29000000000000E+0002
 1.05000000000000E+0003 9.32000000000000E+0002
 1.05100000000000E+0003 9.36000000000000E+0002
 1.05200000000000E+0003 9.37000000000000E+0002
 1.05300000000000E+0003 9.42000000000000E+0002
 1.05400000000000E+0003 9.43000000000000E+0002
 1.05500000000000E+0003 9.45000000000000E+0002
 1.05600000000000E+0003 9.48000000000000E+0002
 1.05700000000000E+0003 9.49000000000000E+0002
 1.05800000000000E+0003 9.52000000000000E+0002
 1.05900000000000E+0003 9.53000000000000E+0002
 1.06000000000000E+0003 9.53000000000000E+0002
 1.06100000000000E+0003 9.52000000000000E+0002
 1.06200000000000E+0003 9.53000000000000E+0002
 1.06300000000000E+0003 9.52000000000000E+0002
 1.06400000000000E+0003 9.53000000000000E+0002
 1.06500000000000E+0003 9.53000000000000E+0002
 1.06600000000000E+0003 9.53000000000000E+0002
 1.06700000000000E+0003 9.52000000000000E+0002
 1.06800000000000E+0003 9.53000000000000E+0002
 1.06900000000000E+0003 9.49000000000000E+0002
 1.07000000000000E+0003 9.46000000000000E+0002
 1.07100000000000E+0003 9.46000000000000E+0002
 1.07200000000000E+0003 9.40000000000000E+0002
 1.07300000000000E+0003 9.37000000000000E+0002
 1.07400000000000E+0003 9.37000000000000E+0002
 1.07500000000000E+0003 9.33000000000000E+0002
 1.07600000000000E+0003 9.32000000000000E+0002
 1.07700000000000E+0003 9.29000000000000E+0002
 1.07800000000000E+0003 9.28000000000000E+0002
 1.07900000000000E+0003 9.25000000000000E+0002
 1.08000000000000E+0003 9.25000000000000E+0002
 1.08100000000000E+0003 9.22000000000000E+0002
 1.08200000000000E+0003 9.23000000000000E+0002
 1.08300000000000E+0003 9.22000000000000E+0002
 1.08400000000000E+0003 9.20000000000000E+0002
 1.08500000000000E+0003 9.19000000000000E+0002
 1.08600000000000E+0003 9.20000000000000E+0002
 1.08700000000000E+0003 9.22000000000000E+0002
 1.08800000000000E+0003 9.22000000000000E+0002
 1.08900000000000E+0003 9.25000000000000E+0002
 1.09000000000000E+0003 9.26000000000000E+0002
 1.09100000000000E+0003 9.29000000000000E+0002
 1.09200000000000E+0003 9.30000000000000E+0002
 1.09300000000000E+0003 9.33000000000000E+0002
 1.09400000000000E+0003 9.37000000000000E+0002
 1.09500000000000E+0003 9.40000000000000E+0002
 1.09600000000000E+0003 9.43000000000000E+0002
 1.09700000000000E+0003 9.50000000000000E+0002
 1.09800000000000E+0003 9.48000000000000E+0002
 1.09900000000000E+0003 9.52000000000000E+0002
 1.10000000000000E+0003 9.53000000000000E+0002
 1.10100000000000E+0003 9.53000000000000E+0002
 1.10200000000000E+0003 9.53000000000000E+0002
 1.10300000000000E+0003 9.53000000000000E+0002
 1.10400000000000E+0003 9.53000000000000E+0002
 1.10500000000000E+0003 9.53000000000000E+0002
 1.10600000000000E+0003 9.59000000000000E+0002
 1.10700000000000E+0003 9.53000000000000E+0002
 1.10800000000000E+0003 9.53000000000000E+0002
 1.10900000000000E+0003 9.53000000000000E+0002
 1.11000000000000E+0003 9.52000000000000E+0002
 1.11100000000000E+0003 9.50000000000000E+0002
 1.11200000000000E+0003 9.48000000000000E+0002
 1.11300000000000E+0003 9.46000000000000E+0002
 1.11400000000000E+0003 9.41000000000000E+0002
 1.11500000000000E+0003 9.36000000000000E+0002
 1.11600000000000E+0003 9.33000000000000E+0002
 1.11700000000000E+0003 9.32000000000000E+0002
 1.11800000000000E+0003 9.27000000000000E+0002
 1.11900000000000E+0003 9.24000000000000E+0002
 1.12000000000000E+0003 9.21000000000000E+0002
 1.12100000000000E+0003 9.22000000000000E+0002
 1.12200000000000E+0003 9.18000000000000E+0002
 1.12300000000000E+0003 9.18000000000000E+0002
 1.12400000000000E+0003 9.17000000000000E+0002
 1.12500000000000E+0003 9.18000000000000E+0002
 1.12600000000000E+0003 9.18000000000000E+0002
 1.12700000000000E+0003 9.20000000000000E+0002
 1.12800000000000E+0003 9.20000000000000E+0002
 1.12900000000000E+0003 9.22000000000000E+0002
 1.13000000000000E+0003 9.23000000000000E+0002
 1.13100000000000E+0003 9.27000000000000E+0002
 1.13200000000000E+0003 9.29000000000000E+0002
 1.13300000000000E+0003 9.32000000000000E+0002
 1.13400000000000E+0003 9.36000000000000E+0002
 1.13500000000000E+0003 9.40000000000000E+0002
 1.13600000000000E+0003 9.42000000000000E+0002
 1.13700000000000E+0003 9.45000000000000E+0002
 1.13800000000000E+0003 9.47000000000000E+0002
 1.13900000000000E+0003 9.53000000000000E+0002
 1.14000000000000E+0003 9.53000000000000E+0002
 1.14100000000000E+0003 9.52000000000000E+0002
 1.14200000000000E+0003 9.59000000000000E+0002
 1.14300000000000E+0003 9.62000000000000E+0002
 1.14400000000000E+0003 9.62000000000000E+0002
 1.14500000000000E+0003 9.62000000000000E+0002
 1.14600000000000E+0003 9.61000000000000E+0002
 1.14700000000000E+0003 9.62000000000000E+0002
 1.14800000000000E+0003 9.53000000000000E+0002
 1.14900000000000E+0003 9.60000000000000E+0002
 1.15000000000000E+0003 9.58000000000000E+0002
 1.15100000000000E+0003 9.53000000000000E+0002
 1.15200000000000E+0003 9.52000000000000E+0002
 1.15300000000000E+0003 9.49000000000000E+0002
 1.15400000000000E+0003 9.46000000000000E+0002
 1.15500000000000E+0003 9.44000000000000E+0002
 1.15600000000000E+0003 9.42000000000000E+0002
 1.15700000000000E+0003 9.36000000000000E+0002
 1.15800000000000E+0003 9.31000000000000E+0002
 1.15900000000000E+0003 9.32000000000000E+0002
 1.16000000000000E+0003 9.31000000000000E+0002
 1.16100000000000E+0003 9.25000000000000E+0002
 1.16200000000000E+0003 9.26000000000000E+0002
 1.16300000000000E+0003 9.22000000000000E+0002
 1.16400000000000E+0003 9.19000000000000E+0002
 1.16500000000000E+0003 9.19000000000000E+0002
 1.16600000000000E+0003 9.18000000000000E+0002
 1.16700000000000E+0003 9.18000000000000E+0002
 1.16800000000000E+0003 9.18000000000000E+0002
 1.16900000000000E+0003 9.18000000000000E+0002
 1.17000000000000E+0003 9.18000000000000E+0002
 1.17100000000000E+0003 9.21000000000000E+0002
 1.17200000000000E+0003 9.23000000000000E+0002
 1.17300000000000E+0003 9.25000000000000E+0002
 1.17400000000000E+0003 9.27000000000000E+0002
 1.17500000000000E+0003 9.31000000000000E+0002
 1.17600000000000E+0003 9.33000000000000E+0002
 1.17700000000000E+0003 9.37000000000000E+0002
 1.17800000000000E+0003 9.38000000000000E+0002
 1.17900000000000E+0003 9.42000000000000E+0002
 1.18000000000000E+0003 9.45000000000000E+0002
 1.18100000000000E+0003 9.46000000000000E+0002
 1.18200000000000E+0003 9.49000000000000E+0002
 1.18300000000000E+0003 9.52000000000000E+0002
 1.18400000000000E+0003 9.53000000000000E+0002
 1.18500000000000E+0003 9.53000000000000E+0002
 1.18600000000000E+0003 9.53000000000000E+0002
 1.18700000000000E+0003 9.53000000000000E+0002
 1.18800000000000E+0003 9.54000000000000E+0002
 1.18900000000000E+0003 9.53000000000000E+0002
 1.19000000000000E+0003 9.53000000000000E+0002
 1.19100000000000E+0003 9.53000000000000E+0002
 1.19200000000000E+0003 9.52000000000000E+0002
 1.19300000000000E+0003 9.52000000000000E+0002
 1.19400000000000E+0003 9.52000000000000E+0002
 1.19500000000000E+0003 9.49000000000000E+0002
 1.19600000000000E+0003 9.49000000000000E+0002
 1.19700000000000E+0003 9.46000000000000E+0002
 1.19800000000000E+0003 9.43000000000000E+0002
 1.19900000000000E+0003 9.40000000000000E+0002
 1.20000000000000E+0003 9.38000000000000E+0002
 1.20100000000000E+0003 9.36000000000000E+0002
 1.20200000000000E+0003 9.33000000000000E+0002
 1.20300000000000E+0003 9.32000000000000E+0002
 1.20400000000000E+0003 9.29000000000000E+0002
 1.20500000000000E+0003 9.28000000000000E+0002
 1.20600000000000E+0003 9.25000000000000E+0002
 1.20700000000000E+0003 9.25000000000000E+0002
 1.20800000000000E+0003 9.22000000000000E+0002
 1.20900000000000E+0003 9.24000000000000E+0002
 1.21000000000000E+0003 9.22000000000000E+0002
 1.21100000000000E+0003 9.22000000000000E+0002
 1.21200000000000E+0003 9.22000000000000E+0002
 1.21300000000000E+0003 9.22000000000000E+0002
 1.21400000000000E+0003 9.25000000000000E+0002
 1.21500000000000E+0003 9.25000000000000E+0002
 1.21600000000000E+0003 9.28000000000000E+0002
 1.21700000000000E+0003 9.28000000000000E+0002
 1.21800000000000E+0003 9.32000000000000E+0002
 1.21900000000000E+0003 9.33000000000000E+0002
 1.22000000000000E+0003 9.37000000000000E+0002
 1.22100000000000E+0003 9.37000000000000E+0002
 1.22200000000000E+0003 9.42000000000000E+0002
 1.22300000000000E+0003 9.45000000000000E+0002
 1.22400000000000E+0003 9.48000000000000E+0002
 1.22500000000000E+0003 9.49000000000000E+0002
 1.22600000000000E+0003 9.52000000000000E+0002
 1.22700000000000E+0003 9.53000000000000E+0002
 1.22800000000000E+0003 9.52000000000000E+0002
 1.22900000000000E+0003 9.52000000000000E+0002
 1.23000000000000E+0003 9.53000000000000E+0002
 1.23100000000000E+0003 9.53000000000000E+0002
 1.23200000000000E+0003 9.53000000000000E+0002
 1.23300000000000E+0003 9.53000000000000E+0002
 1.23400000000000E+0003 9.53000000000000E+0002
 1.23500000000000E+0003 9.52000000000000E+0002
 1.23600000000000E+0003 9.51000000000000E+0002
 1.23700000000000E+0003 9.51000000000000E+0002
 1.23800000000000E+0003 9.49000000000000E+0002
 1.23900000000000E+0003 9.48000000000000E+0002
 1.24000000000000E+0003 9.46000000000000E+0002
 1.24100000000000E+0003 9.39000000000000E+0002
 1.24200000000000E+0003 9.38000000000000E+0002
 1.24300000000000E+0003 9.37000000000000E+0002
 1.24400000000000E+0003 9.31000000000000E+0002
 1.24500000000000E+0003 9.30000000000000E+0002
 1.24600000000000E+0003 9.28000000000000E+0002
 1.24700000000000E+0003 9.27000000000000E+0002
 1.24800000000000E+0003 9.25000000000000E+0002
 1.24900000000000E+0003 9.21000000000000E+0002
 1.25000000000000E+0003 9.22000000000000E+0002
 1.25100000000000E+0003 9.22000000000000E+0002
 1.25200000000000E+0003 9.22000000000000E+0002
 1.25300000000000E+0003 9.22000000000000E+0002
 1.25400000000000E+0003 9.22000000000000E+0002
 1.25500000000000E+0003 9.22000000000000E+0002
 1.25600000000000E+0003 9.22000000000000E+0002
 1.25700000000000E+0003 9.26000000000000E+0002
 1.25800000000000E+0003 9.28000000000000E+0002
 1.25900000000000E+0003 9.28000000000000E+0002
 1.26000000000000E+0003 9.30000000000000E+0002
 1.26100000000000E+0003 9.35000000000000E+0002
 1.26200000000000E+0003 9.36000000000000E+0002
 1.26300000000000E+0003 9.38000000000000E+0002
 1.26400000000000E+0003 9.40000000000000E+0002
 1.26500000000000E+0003 9.44000000000000E+0002
 1.26600000000000E+0003 9.45000000000000E+0002
 1.26700000000000E+0003 9.48000000000000E+0002
 1.26800000000000E+0003 9.49000000000000E+0002
 1.26900000000000E+0003 9.51000000000000E+0002
 1.27000000000000E+0003 9.52000000000000E+0002
 1.27100000000000E+0003 9.53000000000000E+0002
 1.27200000000000E+0003 9.52000000000000E+0002
 1.27300000000000E+0003 9.52000000000000E+0002
 1.27400000000000E+0003 9.52000000000000E+0002
 1.27500000000000E+0003 9.52000000000000E+0002
 1.27600000000000E+0003 9.53000000000000E+0002
 1.27700000000000E+0003 9.53000000000000E+0002
 1.27800000000000E+0003 9.52000000000000E+0002
 1.27900000000000E+0003 9.53000000000000E+0002
 1.28000000000000E+0003 9.52000000000000E+0002
 1.28100000000000E+0003 9.51000000000000E+0002
 1.28200000000000E+0003 9.50000000000000E+0002
 1.28300000000000E+0003 9.46000000000000E+0002
 1.28400000000000E+0003 9.45000000000000E+0002
 1.28500000000000E+0003 9.42000000000000E+0002
 1.28600000000000E+0003 9.41000000000000E+0002
 1.28700000000000E+0003 9.39000000000000E+0002
 1.28800000000000E+0003 9.37000000000000E+0002
 1.28900000000000E+0003 9.32000000000000E+0002
 1.29000000000000E+0003 9.34000000000000E+0002
 1.29100000000000E+0003 9.30000000000000E+0002
 1.29200000000000E+0003 9.30000000000000E+0002
 1.29300000000000E+0003 9.28000000000000E+0002
 1.29400000000000E+0003 9.27000000000000E+0002
 1.29500000000000E+0003 9.24000000000000E+0002
 1.29600000000000E+0003 9.25000000000000E+0002
 1.29700000000000E+0003 9.24000000000000E+0002
 1.29800000000000E+0003 9.27000000000000E+0002
 1.29900000000000E+0003 9.26000000000000E+0002
 1.30000000000000E+0003 9.26000000000000E+0002
 1.30100000000000E+0003 9.28000000000000E+0002
 1.30200000000000E+0003 9.30000000000000E+0002
 1.30300000000000E+0003 9.30000000000000E+0002
 1.30400000000000E+0003 9.32000000000000E+0002
 1.30500000000000E+0003 9.35000000000000E+0002
 1.30600000000000E+0003 9.35000000000000E+0002
 1.30700000000000E+0003 9.37000000000000E+0002
 1.30800000000000E+0003 9.36000000000000E+0002
 1.30900000000000E+0003 9.38000000000000E+0002
 1.31000000000000E+0003 9.40000000000000E+0002
 1.31100000000000E+0003 9.43000000000000E+0002
 1.31200000000000E+0003 9.45000000000000E+0002
 1.31300000000000E+0003 9.45000000000000E+0002
 1.31400000000000E+0003 9.46000000000000E+0002
 1.31500000000000E+0003 9.48000000000000E+0002
 1.31600000000000E+0003 9.48000000000000E+0002
 1.31700000000000E+0003 9.49000000000000E+0002
 1.31800000000000E+0003 9.49000000000000E+0002
 1.31900000000000E+0003 9.49000000000000E+0002
 1.32000000000000E+0003 9.49000000000000E+0002
 1.32100000000000E+0003 9.49000000000000E+0002
 1.32200000000000E+0003 9.47000000000000E+0002
 1.32300000000000E+0003 9.50000000000000E+0002
 1.32400000000000E+0003 9.48000000000000E+0002
 1.32500000000000E+0003 9.48000000000000E+0002
 1.32600000000000E+0003 9.46000000000000E+0002
 1.32700000000000E+0003 9.45000000000000E+0002
 1.32800000000000E+0003 9.48000000000000E+0002
 1.32900000000000E+0003 9.46000000000000E+0002
 1.33000000000000E+0003 9.45000000000000E+0002
 1.33100000000000E+0003 9.42000000000000E+0002
 1.33200000000000E+0003 9.41000000000000E+0002
 1.33300000000000E+0003 9.40000000000000E+0002
 1.33400000000000E+0003 9.37000000000000E+0002
 1.33500000000000E+0003 9.37000000000000E+0002
 1.33600000000000E+0003 9.38000000000000E+0002
 1.33700000000000E+0003 9.36000000000000E+0002
 1.33800000000000E+0003 9.35000000000000E+0002
 1.33900000000000E+0003 9.33000000000000E+0002
 1.34000000000000E+0003 9.32000000000000E+0002
 1.34100000000000E+0003 9.33000000000000E+0002
 1.34200000000000E+0003 9.31000000000000E+0002
 1.34300000000000E+0003 9.33000000000000E+0002
 1.34400000000000E+0003 9.31000000000000E+0002
 1.34500000000000E+0003 9.31000000000000E+0002
 1.34600000000000E+0003 9.32000000000000E+0002
 1.34700000000000E+0003 9.32000000000000E+0002
 1.34800000000000E+0003 9.35000000000000E+0002
 1.34900000000000E+0003 9.33000000000000E+0002
 1.35000000000000E+0003 9.36000000000000E+0002
 1.35100000000000E+0003 9.36000000000000E+0002
 1.35200000000000E+0003 9.37000000000000E+0002
 1.35300000000000E+0003 9.37000000000000E+0002
 1.35400000000000E+0003 9.36000000000000E+0002
 1.35500000000000E+0003 9.38000000000000E+0002
 1.35600000000000E+0003 9.38000000000000E+0002
 1.35700000000000E+0003 9.42000000000000E+0002
 1.35800000000000E+0003 9.42000000000000E+0002
 1.35900000000000E+0003 9.46000000000000E+0002
 1.36000000000000E+0003 9.46000000000000E+0002
 1.36100000000000E+0003 9.46000000000000E+0002
 1.36200000000000E+0003 9.48000000000000E+0002
 1.36300000000000E+0003 9.48000000000000E+0002
 1.36400000000000E+0003 9.50000000000000E+0002
 1.36500000000000E+0003 9.48000000000000E+0002
 1.36600000000000E+0003 9.50000000000000E+0002
 1.36700000000000E+0003 9.51000000000000E+0002
 1.36800000000000E+0003 9.49000000000000E+0002
 1.36900000000000E+0003 9.49000000000000E+0002
 1.37000000000000E+0003 9.46000000000000E+0002
 1.37100000000000E+0003 9.47000000000000E+0002
 1.37200000000000E+0003 9.49000000000000E+0002
 1.37300000000000E+0003 9.48000000000000E+0002
 1.37400000000000E+0003 9.46000000000000E+0002
 1.37500000000000E+0003 9.45000000000000E+0002
 1.37600000000000E+0003 9.45000000000000E+0002
 1.37700000000000E+0003 9.46000000000000E+0002
 1.37800000000000E+0003 9.44000000000000E+0002
 1.37900000000000E+0003 9.42000000000000E+0002
 1.38000000000000E+0003 9.42000000000000E+0002
 1.38100000000000E+0003 9.39000000000000E+0002
 1.38200000000000E+0003 9.37000000000000E+0002
 1.38300000000000E+0003 9.37000000000000E+0002
 1.38400000000000E+0003 9.36000000000000E+0002
 1.38500000000000E+0003 9.35000000000000E+0002
 1.38600000000000E+0003 9.36000000000000E+0002
 1.38700000000000E+0003 9.32000000000000E+0002
 1.38800000000000E+0003 9.32000000000000E+0002
 1.38900000000000E+0003 9.29000000000000E+0002
 1.39000000000000E+0003 9.28000000000000E+0002
 1.39100000000000E+0003 9.28000000000000E+0002
 1.39200000000000E+0003 9.28000000000000E+0002
 1.39300000000000E+0003 9.28000000000000E+0002
 1.39400000000000E+0003 9.28000000000000E+0002
 1.39500000000000E+0003 9.28000000000000E+0002
 1.39600000000000E+0003 9.28000000000000E+0002
 1.39700000000000E+0003 9.30000000000000E+0002
 1.39800000000000E+0003 9.28000000000000E+0002
 1.39900000000000E+0003 9.30000000000000E+0002
 1.40000000000000E+0003 9.32000000000000E+0002
 1.40100000000000E+0003 9.34000000000000E+0002
 1.40200000000000E+0003 9.33000000000000E+0002
 1.40300000000000E+0003 9.37000000000000E+0002
 1.40400000000000E+0003 9.37000000000000E+0002
 1.40500000000000E+0003 9.37000000000000E+0002
 1.40600000000000E+0003 9.42000000000000E+0002
 1.40700000000000E+0003 9.45000000000000E+0002
 1.40800000000000E+0003 9.46000000000000E+0002
 1.40900000000000E+0003 9.45000000000000E+0002
 1.41000000000000E+0003 9.47000000000000E+0002
 1.41100000000000E+0003 9.49000000000000E+0002
 1.41200000000000E+0003 9.49000000000000E+0002
 1.41300000000000E+0003 9.52000000000000E+0002
 1.41400000000000E+0003 9.53000000000000E+0002
 1.41500000000000E+0003 9.52000000000000E+0002
 1.41600000000000E+0003 9.52000000000000E+0002
 1.41700000000000E+0003 9.52000000000000E+0002
 1.41800000000000E+0003 9.52000000000000E+0002
 1.41900000000000E+0003 9.52000000000000E+0002
 1.42000000000000E+0003 9.52000000000000E+0002
 1.42100000000000E+0003 9.49000000000000E+0002
 1.42200000000000E+0003 9.48000000000000E+0002
 1.42300000000000E+0003 9.49000000000000E+0002
 1.42400000000000E+0003 9.46000000000000E+0002
 1.42500000000000E+0003 9.46000000000000E+0002
 1.42600000000000E+0003 9.43000000000000E+0002
 1.42700000000000E+0003 9.40000000000000E+0002
 1.42800000000000E+0003 9.38000000000000E+0002
 1.42900000000000E+0003 9.37000000000000E+0002
 1.43000000000000E+0003 9.36000000000000E+0002
 1.43100000000000E+0003 9.33000000000000E+0002
 1.43200000000000E+0003 9.32000000000000E+0002
 1.43300000000000E+0003 9.32000000000000E+0002
