1,1
25797.839,1.95871,6.575e-6,0.89e-12 ,0          ,        0  ,0,0,0,0.01695,-4.9E-7   ,-3.7E-12,0,0,0,0,0,0
27921.435,1.93804,6.6984e-6,4.95E-12 ,0          ,        0  ,0,0,0,0.01713,-5.0e-7   ,-5.1E-12,0,0,0,0,0,0
30004.877,1.91651,6.8236e-6 ,9.29e-12,0         ,        0    ,0,0,0,0.0159 ,-4.3E-7  ,-5.8E-12 ,0,0,0,0,0,0
32045.917,1.89417,7.02681e-6,11.8E-12, 0         ,        0    ,0,0,0,0.0222,-8.76E-7 ,-9.8E-12 ,0,0,0,0,0,0
34041.956,1.87042,7.19501e-6,19.3E-12, 0         ,        0    ,0,0,0,0.0196,-8.8E-7  ,-9E-12   ,0,0,0,0,0,0
35990.13 ,1.84548,7.51901e-6,17.1E-12, 0         ,        0    ,0,0,0,0.0199 ,-10.7E-7,-9E-12 ,0,0,0,0,0,0
37887.379,1.81946,7.889E-6  ,24.5E-12, 0          ,       0    ,0,0,0,0.02286,-21E-7  ,-9E-12 ,0,0,0,0,0,0
39720.409,1.79091,7.927e-6,1.6E-9  , -3.70E-14           ,        0    ,0,0,0,0.01756,-7.2E-7,-9E-12 ,0,0,0,0,0,0
41516.786,1.76175,8.661e-6,4.4E-9   , -30E-14             ,        0    ,0,0,0,0.0201 ,-7.2E-7,-9E-12 ,0,0,0,0,0,0
43242.921,1.73047,9.145e-6,23E-12  , 0           ,        0    ,0,0,0,0.0171,-7.2E-7,-9E-12 ,0,0,0,0,0,0
