1,1
0         ,1.89108,6.4072e-6,6.36E-12 ,0, 0,0,0,0,0.007417,-0.7e-7  ,0.16E-11,0,0,0,0,0,0
2042.42661,1.87366,6.4162e-6,6.08E-12 ,0, 0,0,0,0,0.007367,-0.96e-7 ,0.45E-11,0,0,0,0,0,0
4058.55176,1.85618,6.4263e-6,5.85e-12 ,0, 0,0,0,0,0.007272,-0.97E-7 ,0.45E-11,0,0,0,0,0,0
6048.34766,1.83864,6.4367e-6,5.47E-12 ,0,0,0,0,0,0.007190,-0.96E-7 ,0,0,0,0,0,0,0
8011.7734,1.82105,6.4445e-6 ,3.8E-12  ,0,0,0,0,0,0.007212,-3E-7    ,7.8E-11,0,0,0,0,0,0
9948.25  ,1.80333,6.47e-6   ,0        ,0,0,0,0,0,0.00706 ,      0   ,0,0,0,0,0,0,0
11859.0  ,1.78580,6.48e-6   ,0        ,0,0,0,0,0,0.00698 ,      0   ,0,0,0,0,0,0,0
13743.1  ,1.76790,6.499e-6   ,0        ,0,0,0,0,0,0.006376 ,      0   ,0,0,0,0,0,0,0
15600.8  ,1.75004,6.514e-6   ,0        ,0,0,0,0,0,0.006168 ,      0   ,0,0,0,0,0,0,0
17432.7  ,1.732  ,6.51e-6   ,0        ,0,0,0,0,0,0.00676 ,      0   ,0,0,0,0,0,0,0
19235.8  ,1.714  ,6.52e-6   ,0        ,0,0,0,0,0,0.00669 ,      0   ,0,0,0,0,0,0,0
21013.2  ,1.696  ,6.53e-6   ,0        ,0,0,0,0,0,0.00661 ,      0   ,0,0,0,0,0,0,0
22763.7  ,1.677  ,6.54e-6   ,0        ,0,0,0,0,0,0.00654 ,      0   ,0,0,0,0,0,0,0
