0000	0	1,97924
0001	0,001	2,01832
0002	0,002	2,01832
0003	0,003	2,04762
0004	0,004	2,00855
0005	0,005	2,02564
0006	0,006	2,01832
0007	0,007	2,02564
0008	0,008	2,01099
0009	0,009	1,99389
0010	0,01	1,96459
0011	0,011	1,96947
0012	0,012	2,0232
0013	0,013	2,0232
0014	0,014	2,02076
0015	0,015	2,04274
0016	0,016	2,01832
0017	0,017	2,03052
0018	0,018	1,96703
0019	0,019	2,0232
0020	0,02	2,02808
0021	0,021	2,01587
0022	0,022	2,0232
0023	0,023	2,01587
0024	0,024	1,99878
0025	0,025	2,02564
0026	0,026	2,02808
0027	0,027	2,04274
0028	0,028	2,01832
0029	0,029	2,02808
0030	0,03	1,96703
0031	0,031	2,02076
0032	0,032	2,0232
0033	0,033	2,03541
0034	0,034	2,0232
0035	0,035	2,0061
0036	0,036	2,02564
0037	0,037	1,96459
0038	0,038	2,02564
0039	0,039	2,02076
0040	0,04	2,02564
0041	0,041	2,02076
0042	0,042	2,00122
0043	0,043	2,02076
0044	0,044	2,01099
0045	0,045	2,01832
0046	0,046	1,9768
0047	0,047	2,01587
0048	0,048	2,01343
0049	0,049	2,01343
0050	0,05	2,01832
0051	0,051	2,02076
0052	0,052	2,02076
0053	0,053	2,00366
0054	0,054	2,02564
0055	0,055	2,02076
0056	0,056	2,01832
0057	0,057	1,96215
0058	0,058	2,02564
0059	0,059	2,04029
0060	0,06	2,01832
0061	0,061	1,99634
0062	0,062	2,0232
0063	0,063	2,03052
0064	0,064	2,02808
0065	0,065	2,0232
0066	0,066	2,01343
0067	0,067	2,02808
0068	0,068	2,02564
0069	0,069	2,0232
0070	0,07	2,0232
0071	0,071	2,01832
0072	0,072	2,02076
0073	0,073	2,01832
0074	0,074	2,02564
0075	0,075	2,00855
0076	0,076	1,98168
0077	0,077	2,02076
0078	0,078	2,04518
0079	0,079	2,01832
0080	0,08	2,0232
0081	0,081	2,02564
0082	0,082	2,01343
0083	0,083	2,02564
0084	0,084	2,01587
0085	0,085	2,01099
0086	0,086	1,9768
0087	0,087	2,01587
0088	0,088	2,03052
0089	0,089	2,01343
0090	0,09	1,97436
0091	0,091	2,01587
0092	0,092	2,05006
0093	0,093	2,01343
0094	0,094	2,02076
0095	0,095	2,02076
0096	0,096	2,04029
0097	0,097	2,01587
0098	0,098	2,02564
0099	0,099	2,02076
0100	0,1	2,01832
0101	0,101	1,9768
0102	0,102	2,02564
0103	0,103	2,04029
0104	0,104	2,02076
0105	0,105	2,01343
0106	0,106	2,02808
0107	0,107	2,04029
0108	0,108	2,02564
0109	0,109	2,0232
0110	0,11	2,0232
0111	0,111	2,02076
0112	0,112	2,00122
0113	0,113	2,02076
0114	0,114	2,0232
0115	0,115	2,01832
0116	0,116	1,98168
0117	0,117	2,02076
0118	0,118	2,01832
0119	0,119	2,01587
0120	0,12	1,96703
0121	0,121	2,01832
0122	0,122	2,02076
0123	0,123	2,01099
0124	0,124	1,96459
0125	0,125	2,01343
0126	0,126	2,03052
0127	0,127	2,00366
0128	0,128	1,97436
0129	0,129	2,01587
0130	0,13	2,04029
0131	0,131	2,01099
0132	0,132	1,98901
0133	0,133	2,02076
0134	0,134	2,05494
0135	0,135	2,01832
0136	0,136	2,0232
0137	0,137	2,02076
0138	0,138	2,04518
0139	0,139	2,01587
0140	0,14	2,02808
0141	0,141	2,0232
0142	0,142	2,01832
0143	0,143	1,99389
0144	0,144	2,02564
0145	0,145	2,02808
0146	0,146	2,01587
0147	0,147	1,96215
0148	0,148	2,0232
0149	0,149	2,02564
0150	0,15	2,01587
0151	0,151	1,9768
0152	0,152	2,02076
0153	0,153	2,04762
0154	0,154	2,02564
0155	0,155	2,02076
0156	0,156	2,01587
0157	0,157	2,01343
0158	0,158	1,9768
0159	0,159	2,01832
0160	0,16	2,0232
0161	0,161	1,97924
0162	0,162	2,02076
0163	0,163	2,01587
0164	0,164	2,01343
0165	0,165	1,97436
0166	0,166	2,01587
0167	0,167	2,04274
0168	0,168	2,01832
0169	0,169	2,01587
0170	0,17	2,02808
0171	0,171	2,04274
0172	0,172	2,02076
0173	0,173	2,0232
0174	0,174	2,02564
0175	0,175	2,0232
0176	0,176	1,99389
0177	0,177	2,0232
0178	0,178	2,02076
0179	0,179	2,01832
0180	0,18	1,96703
0181	0,181	2,0232
0182	0,182	2,04029
0183	0,183	2,02076
0184	0,184	2,02564
0185	0,185	2,05006
0186	0,186	2,01832
0187	0,187	2,02076
0188	0,188	2,02564
0189	0,189	2,01587
0190	0,19	1,99145
0191	0,191	2,01343
0192	0,192	2,02564
0193	0,193	2,00855
0194	0,194	1,97192
0195	0,195	2,01587
0196	0,196	2,02076
0197	0,197	2,00855
0198	0,198	1,99389
0199	0,199	2,01832
0200	0,2	2,04274
0201	0,201	2,0232
0202	0,202	2,01099
0203	0,203	2,01343
0204	0,204	2,03297
0205	0,205	2,01099
0206	0,206	2,02076
0207	0,207	2,01832
0208	0,208	2,01587
0209	0,209	2,00855
0210	0,21	2,01832
0211	0,211	2,01343
0212	0,212	2,01343
0213	0,213	1,96947
0214	0,214	2,02076
0215	0,215	2,03052
0216	0,216	2,02076
0217	0,217	2,01587
0218	0,218	2,01343
0219	0,219	2,0061
0220	0,22	1,95726
0221	0,221	2,01099
0222	0,222	2,03297
0223	0,223	2,00366
0224	0,224	1,99389
0225	0,225	2,00855
0226	0,226	2,03297
0227	0,227	2,00366
0228	0,228	1,99878
0229	0,229	2,0061
0230	0,23	2,02076
0231	0,231	2,00855
0232	0,232	2,00855
0233	0,233	2,00122
0234	0,234	1,99145
0235	0,235	1,96459
0236	0,236	1,99878
0237	0,237	2,0061
0238	0,238	1,99878
0239	0,239	1,99878
0240	0,24	1,99389
0241	0,241	1,99634
0242	0,242	1,98901
0243	0,243	2,00122
0244	0,244	2,00122
0245	0,245	1,99389
0246	0,246	1,97192
0247	0,247	2,00122
0248	0,248	2,00122
0249	0,249	1,99878
0250	0,25	2,00122
0251	0,251	1,99634
0252	0,252	1,99389
0253	0,253	1,99145
0254	0,254	2,00122
0255	0,255	1,99145
0256	0,256	1,98657
0257	0,257	1,96459
0258	0,258	1,99878
0259	0,259	2,00366
0260	0,26	1,99389
0261	0,261	2,00122
0262	0,262	1,99389
0263	0,263	1,99145
0264	0,264	1,97924
0265	0,265	1,99634
0266	0,266	1,99389
0267	0,267	1,98413
0268	0,268	1,94994
0269	0,269	1,98901
0270	0,27	2,01832
0271	0,271	1,98901
0272	0,272	1,99634
0273	0,273	1,98901
0274	0,274	1,99145
0275	0,275	1,93529
0276	0,276	1,98413
0277	0,277	2,0061
0278	0,278	1,98657
0279	0,279	1,9768
0280	0,28	1,99389
0281	0,281	2,00366
0282	0,282	1,98901
0283	0,283	1,99634
0284	0,284	1,99389
0285	0,285	1,99634
0286	0,286	1,99145
0287	0,287	1,99634
0288	0,288	1,98901
0289	0,289	1,98901
0290	0,29	1,99389
0291	0,291	1,99145
0292	0,292	1,99634
0293	0,293	2,01587
0294	0,294	1,99389
0295	0,295	1,99389
0296	0,296	1,99145
0297	0,297	1,98901
0298	0,298	1,99145
0299	0,299	1,99634
0300	0,3	2,02076
0301	0,301	1,98413
0302	0,302	1,99878
0303	0,303	1,99145
0304	0,304	1,98901
0305	0,305	1,93284
0306	0,306	1,99389
0307	0,307	2,0061
0308	0,308	1,98413
0309	0,309	1,93773
0310	0,31	1,99145
0311	0,311	1,99634
0312	0,312	1,98657
0313	0,313	1,9475
0314	0,314	1,99389
0315	0,315	1,99389
0316	0,316	1,99634
0317	0,317	1,99145
0318	0,318	1,99145
0319	0,319	1,98657
0320	0,32	1,98901
0321	0,321	1,98657
0322	0,322	1,98413
0323	0,323	1,98413
0324	0,324	1,9768
0325	0,325	1,99145
0326	0,326	1,98168
0327	0,327	1,98413
0328	0,328	1,93284
0329	0,329	1,98901
0330	0,33	2,00122
0331	0,331	1,97924
0332	0,332	1,93529
0333	0,333	1,99145
0334	0,334	2,01832
0335	0,335	1,98901
0336	0,336	1,99634
0337	0,337	1,98901
0338	0,338	1,98413
0339	0,339	1,94017
0340	0,34	1,99389
0341	0,341	1,99145
0342	0,342	1,98657
0343	0,343	1,93529
0344	0,344	1,99389
0345	0,345	2,01832
0346	0,346	1,98901
0347	0,347	1,98901
0348	0,348	1,99389
0349	0,349	1,99634
0350	0,35	1,98168
0351	0,351	1,99389
0352	0,352	1,99145
0353	0,353	2,00122
0354	0,354	1,99878
0355	0,355	1,98657
0356	0,356	1,99145
0357	0,357	1,99634
0358	0,358	1,99389
0359	0,359	1,98901
0360	0,36	1,99389
0361	0,361	1,98901
0362	0,362	1,99634
0363	0,363	1,98901
0364	0,364	1,98657
0365	0,365	1,98168
0366	0,366	1,98901
0367	0,367	1,98413
0368	0,368	1,99145
0369	0,369	1,9768
0370	0,37	1,99634
0371	0,371	1,98657
0372	0,372	1,98901
0373	0,373	1,98168
0374	0,374	1,99145
0375	0,375	1,98413
0376	0,376	1,98901
0377	0,377	1,93529
0378	0,378	1,99145
0379	0,379	2,00366
0380	0,38	1,98901
0381	0,381	1,93529
0382	0,382	1,99634
0383	0,383	2,01832
0384	0,384	1,98168
0385	0,385	1,94994
0386	0,386	1,98657
0387	0,387	2,00855
0388	0,388	1,97924
0389	0,389	1,94994
0390	0,39	1,98413
0391	0,391	2,01099
0392	0,392	1,98168
0393	0,393	1,99145
0394	0,394	1,98657
0395	0,395	1,99389
0396	0,396	1,95482
0397	0,397	1,98901
0398	0,398	1,99878
0399	0,399	1,98168
0400	0,4	1,95482
0401	0,401	1,98657
0402	0,402	2,01832
0403	0,403	1,98168
0404	0,404	1,96215
0405	0,405	1,99389
0406	0,406	2,00366
0407	0,407	1,98413
0408	0,408	1,94505
0409	0,409	1,99389
0410	0,41	1,97924
0411	0,411	1,98901
0412	0,412	1,96215
0413	0,413	1,99145
0414	0,414	1,98657
0415	0,415	1,98413
0416	0,416	1,93773
0417	0,417	1,99389
0418	0,418	1,98168
0419	0,419	1,98413
0420	0,42	1,96947
0421	0,421	1,98901
0422	0,422	1,97924
0423	0,423	1,98413
0424	0,424	1,96459
0425	0,425	1,98413
0426	0,426	1,9768
0427	0,427	1,9768
0428	0,428	1,9304
0429	0,429	1,97924
0430	0,43	2,00122
0431	0,431	1,96215
0432	0,432	1,95482
0433	0,433	1,97436
0434	0,434	1,99145
0435	0,435	1,95971
0436	0,436	1,91575
0437	0,437	1,96459
0438	0,438	1,96703
0439	0,439	1,95238
0440	0,44	1,90354
0441	0,441	1,95482
0442	0,442	1,96947
0443	0,443	1,95238
0444	0,444	1,90598
0445	0,445	1,95726
0446	0,446	1,98657
0447	0,447	1,94505
0448	0,448	1,95971
0449	0,449	1,9475
0450	0,45	1,95238
0451	0,451	1,95482
0452	0,452	1,95482
0453	0,453	1,94505
0454	0,454	1,94261
0455	0,455	1,90354
0456	0,456	1,94505
0457	0,457	1,94994
0458	0,458	1,93773
0459	0,459	1,89377
0460	0,46	1,9475
0461	0,461	1,96215
0462	0,462	1,9475
0463	0,463	1,94017
0464	0,464	1,9475
0465	0,465	1,95482
0466	0,466	1,94261
0467	0,467	1,94261
0468	0,468	1,94017
0469	0,469	1,93773
0470	0,47	1,94261
0471	0,471	1,94261
0472	0,472	1,92796
0473	0,473	1,94261
0474	0,474	1,93773
0475	0,475	1,93529
0476	0,476	1,93529
0477	0,477	1,93284
0478	0,478	1,93529
0479	0,479	1,9304
0480	0,48	1,9304
0481	0,481	1,92552
0482	0,482	1,93529
0483	0,483	1,93529
0484	0,484	1,92796
0485	0,485	1,92308
0486	0,486	1,93284
0487	0,487	1,93284
0488	0,488	1,93529
0489	0,489	1,93529
0490	0,49	1,93773
0491	0,491	1,92796
0492	0,492	1,9304
0493	0,493	1,92796
0494	0,494	1,9304
0495	0,495	1,92796
0496	0,496	1,92308
0497	0,497	1,87912
0498	0,498	1,92796
0499	0,499	1,94505
0500	0,5	1,92552
0501	0,501	1,91819
0502	0,502	1,93529
0503	0,503	1,94994
0504	0,504	1,92796
0505	0,505	1,91819
0506	0,506	1,93284
0507	0,507	1,9475
0508	0,508	1,93529
0509	0,509	1,9304
0510	0,51	1,92796
0511	0,511	1,92796
0512	0,512	1,92552
0513	0,513	1,9304
0514	0,514	1,92308
0515	0,515	1,92308
0516	0,516	1,89133
0517	0,517	1,92796
0518	0,518	1,93773
0519	0,519	1,92063
0520	0,52	1,91819
0521	0,521	1,9304
0522	0,522	1,95482
0523	0,523	1,92796
0524	0,524	1,93529
0525	0,525	1,92308
0526	0,526	1,92552
0527	0,527	1,89133
0528	0,528	1,92308
0529	0,529	1,91575
0530	0,53	1,91819
0531	0,531	1,86935
0532	0,532	1,92552
0533	0,533	1,92308
0534	0,534	1,9304
0535	0,535	1,92796
0536	0,536	1,92796
0537	0,537	1,92063
0538	0,538	1,89621
0539	0,539	1,92796
0540	0,54	1,93529
0541	0,541	1,91331
0542	0,542	1,91087
0543	0,543	1,92552
0544	0,544	1,95726
0545	0,545	1,92308
0546	0,546	1,88889
0547	0,547	1,9304
0548	0,548	1,92308
0549	0,549	1,92308
0550	0,55	1,87912
0551	0,551	1,93529
0552	0,552	1,91575
0553	0,553	1,93284
0554	0,554	1,92552
0555	0,555	1,9304
0556	0,556	1,92308
0557	0,557	1,92552
0558	0,558	1,87668
0559	0,559	1,9304
0560	0,56	1,95238
0561	0,561	1,91819
0562	0,562	1,93284
0563	0,563	1,92552
0564	0,564	1,93529
0565	0,565	1,91331
0566	0,566	1,93284
0567	0,567	1,92308
0568	0,568	1,92552
0569	0,569	1,90842
0570	0,57	1,9304
0571	0,571	1,92063
0572	0,572	1,92552
0573	0,573	1,87668
0574	0,574	1,9304
0575	0,575	1,94261
0576	0,576	1,91819
0577	0,577	1,9011
0578	0,578	1,9304
0579	0,579	1,95482
0580	0,58	1,92552
0581	0,581	1,93284
0582	0,582	1,92796
0583	0,583	1,92308
0584	0,584	1,88645
0585	0,585	1,92552
0586	0,586	1,92552
0587	0,587	1,92308
0588	0,588	1,90842
0589	0,589	1,92796
0590	0,59	1,92552
0591	0,591	1,87424
0592	0,592	1,92796
0593	0,593	1,9475
0594	0,594	1,92063
0595	0,595	1,92552
0596	0,596	1,92796
0597	0,597	1,92308
0598	0,598	1,90598
0599	0,599	1,92552
0600	0,6	1,93529
0601	0,601	1,92552
0602	0,602	1,91575
0603	0,603	1,93284
0604	0,604	1,92063
0605	0,605	1,92796
0606	0,606	1,884
0607	0,607	1,92796
0608	0,608	1,92552
0609	0,609	1,92308
0610	0,61	1,89377
0611	0,611	1,9304
0612	0,612	1,92308
0613	0,613	1,91575
0614	0,614	1,87424
0615	0,615	1,92308
0616	0,616	1,9475
0617	0,617	1,91331
0618	0,618	1,93284
0619	0,619	1,92308
0620	0,62	1,92063
0621	0,621	1,91087
0622	0,622	1,92063
0623	0,623	1,92063
0624	0,624	1,92308
0625	0,625	1,87668
0626	0,626	1,9304
0627	0,627	1,95726
0628	0,628	1,92063
0629	0,629	1,93284
0630	0,63	1,92796
0631	0,631	1,92796
0632	0,632	1,91819
0633	0,633	1,92552
0634	0,634	1,91819
0635	0,635	1,92063
0636	0,636	1,91087
0637	0,637	1,91819
0638	0,638	1,91331
0639	0,639	1,91819
0640	0,64	1,88645
0641	0,641	1,91331
0642	0,642	1,90598
0643	0,643	1,9011
0644	0,644	1,89133
0645	0,645	1,9011
0646	0,646	1,90354
0647	0,647	1,88889
0648	0,648	1,84493
0649	0,649	1,89866
0650	0,65	1,89133
0651	0,651	1,91331
0652	0,652	1,88156
0653	0,653	1,87424
0654	0,654	1,84249
0655	0,655	1,84005
0656	0,656	1,88156
0657	0,657	1,87912
0658	0,658	1,88156
0659	0,659	1,86691
0660	0,66	1,86935
0661	0,661	1,88156
0662	0,662	1,87179
0663	0,663	1,87424
0664	0,664	1,85714
0665	0,665	1,82051
0666	0,666	1,87424
0667	0,667	1,87179
0668	0,668	1,86691
0669	0,669	1,86447
0670	0,67	1,88889
0671	0,671	1,88156
0672	0,672	1,8547
0673	0,673	1,8547
0674	0,674	1,85958
0675	0,675	1,80342
0676	0,676	1,85714
0677	0,677	1,85714
0678	0,678	1,85714
0679	0,679	1,85714
0680	0,68	1,87912
0681	0,681	1,84737
0682	0,682	1,85226
0683	0,683	1,84982
0684	0,684	1,8547
0685	0,685	1,84982
0686	0,686	1,84982
0687	0,687	1,84005
0688	0,688	1,85226
0689	0,689	1,8547
0690	0,69	1,84249
0691	0,691	1,84249
0692	0,692	1,84249
0693	0,693	1,83272
0694	0,694	1,84493
0695	0,695	1,84737
0696	0,696	1,84249
0697	0,697	1,85958
0698	0,698	1,8547
0699	0,699	1,83761
0700	0,7	1,84493
0701	0,701	1,79365
0702	0,702	1,84982
0703	0,703	1,84249
0704	0,704	1,84249
0705	0,705	1,84005
0706	0,706	1,83028
0707	0,707	1,84737
0708	0,708	1,83272
0709	0,709	1,84249
0710	0,71	1,78877
0711	0,711	1,84493
0712	0,712	1,84249
0713	0,713	1,84249
0714	0,714	1,83272
0715	0,715	1,85958
0716	0,716	1,83761
0717	0,717	1,82784
0718	0,718	1,83761
0719	0,719	1,81807
0720	0,72	1,82051
0721	0,721	1,83761
0722	0,722	1,83516
0723	0,723	1,83761
0724	0,724	1,84493
0725	0,725	1,85958
0726	0,726	1,83516
0727	0,727	1,83516
0728	0,728	1,82295
0729	0,729	1,79609
0730	0,73	1,84005
0731	0,731	1,84005
0732	0,732	1,84493
0733	0,733	1,85714
0734	0,734	1,86691
0735	0,735	1,83272
0736	0,736	1,83761
0737	0,737	1,83516
0738	0,738	1,84005
0739	0,739	1,83761
0740	0,74	1,83272
0741	0,741	1,84737
0742	0,742	1,83761
0743	0,743	1,83028
0744	0,744	1,83516
0745	0,745	1,78877
0746	0,746	1,79853
0747	0,747	1,83761
0748	0,748	1,84005
0749	0,749	1,83272
0750	0,75	1,86935
0751	0,751	1,83516
0752	0,752	1,83272
0753	0,753	1,81319
0754	0,754	1,84493
0755	0,755	1,83272
0756	0,756	1,84005
0757	0,757	1,82784
0758	0,758	1,86447
0759	0,759	1,83028
0760	0,76	1,83028
0761	0,761	1,82295
0762	0,762	1,78144
0763	0,763	1,84249
0764	0,764	1,83761
0765	0,765	1,83761
0766	0,766	1,84249
0767	0,767	1,8547
0768	0,768	1,83272
0769	0,769	1,8254
0770	0,77	1,83761
0771	0,771	1,80342
0772	0,772	1,79853
0773	0,773	1,83516
0774	0,774	1,83516
0775	0,775	1,83272
0776	0,776	1,8254
0777	0,777	1,85714
0778	0,778	1,83272
0779	0,779	1,82784
0780	0,78	1,8254
0781	0,781	1,83516
0782	0,782	1,83516
0783	0,783	1,83516
0784	0,784	1,84005
0785	0,785	1,86447
0786	0,786	1,83516
0787	0,787	1,83272
0788	0,788	1,84005
0789	0,789	1,78632
0790	0,79	1,83761
0791	0,791	1,83761
0792	0,792	1,84005
0793	0,793	1,83272
0794	0,794	1,84737
0795	0,795	1,84249
0796	0,796	1,83028
0797	0,797	1,83761
0798	0,798	1,79121
0799	0,799	1,83761
0800	0,8	1,84005
0801	0,801	1,83761
0802	0,802	1,84005
0803	0,803	1,84982
0804	0,804	1,8547
0805	0,805	1,83028
0806	0,806	1,82784
0807	0,807	1,84249
0808	0,808	1,78632
0809	0,809	1,84005
0810	0,81	1,84005
0811	0,811	1,83761
0812	0,812	1,85958
0813	0,813	1,83516
0814	0,814	1,83272
0815	0,815	1,79609
0816	0,816	1,81807
0817	0,817	1,84249
0818	0,818	1,83516
0819	0,819	1,83272
0820	0,82	1,85226
0821	0,821	1,83516
0822	0,822	1,83272
0823	0,823	1,83761
0824	0,824	1,79609
0825	0,825	1,83761
0826	0,826	1,84249
0827	0,827	1,83272
0828	0,828	1,86203
0829	0,829	1,83028
0830	0,83	1,83272
0831	0,831	1,82784
0832	0,832	1,79121
0833	0,833	1,83761
0834	0,834	1,83761
0835	0,835	1,83516
0836	0,836	1,83516
0837	0,837	1,82784
0838	0,838	1,8254
0839	0,839	1,8254
0840	0,84	1,8083
0841	0,841	1,78632
0842	0,842	1,83272
0843	0,843	1,82784
0844	0,844	1,83028
0845	0,845	1,83516
0846	0,846	1,83516
0847	0,847	1,81807
0848	0,848	1,82784
0849	0,849	1,76679
0850	0,85	1,81807
0851	0,851	1,8254
0852	0,852	1,82051
0853	0,853	1,82051
0854	0,854	1,81563
0855	0,855	1,81074
0856	0,856	1,82295
0857	0,857	1,80342
0858	0,858	1,79853
0859	0,859	1,77411
0860	0,86	1,77411
0861	0,861	1,79121
0862	0,862	1,79365
0863	0,863	1,79121
0864	0,864	1,78388
0865	0,865	1,80342
0866	0,866	1,78144
0867	0,867	1,779
0868	0,868	1,73504
0869	0,869	1,78388
0870	0,87	1,779
0871	0,871	1,77411
0872	0,872	1,76923
0873	0,873	1,79121
0874	0,874	1,77411
0875	0,875	1,7619
0876	0,876	1,76679
0877	0,877	1,71306
0878	0,878	1,76679
0879	0,879	1,76435
0880	0,88	1,75946
0881	0,881	1,75458
0882	0,882	1,76679
0883	0,883	1,779
0884	0,884	1,74481
0885	0,885	1,74481
0886	0,886	1,70574
0887	0,887	1,73016
0888	0,888	1,74969
0889	0,889	1,74481
0890	0,89	1,74481
0891	0,891	1,74237
0892	0,892	1,76435
0893	0,893	1,73748
0894	0,894	1,73748
0895	0,895	1,69353
0896	0,896	1,73993
0897	0,897	1,74237
0898	0,898	1,73993
0899	0,899	1,75702
0900	0,9	1,73016
0901	0,901	1,72527
0902	0,902	1,73504
0903	0,903	1,67643
0904	0,904	1,7326
0905	0,905	1,7326
0906	0,906	1,7326
0907	0,907	1,72772
0908	0,908	1,75214
0909	0,909	1,72527
0910	0,91	1,72527
0911	0,911	1,67643
0912	0,912	1,7033
0913	0,913	1,72772
0914	0,914	1,72772
0915	0,915	1,72039
0916	0,916	1,72283
0917	0,917	1,72283
0918	0,918	1,72527
0919	0,919	1,72772
0920	0,92	1,66667
0921	0,921	1,73016
0922	0,922	1,72283
0923	0,923	1,72039
0924	0,924	1,71551
0925	0,925	1,74481
0926	0,926	1,71551
0927	0,927	1,71551
0928	0,928	1,68864
0929	0,929	1,7033
0930	0,93	1,72527
0931	0,931	1,72527
0932	0,932	1,71062
0933	0,933	1,71795
0934	0,934	1,72283
0935	0,935	1,72039
0936	0,936	1,71306
0937	0,937	1,72527
0938	0,938	1,66178
0939	0,939	1,72772
0940	0,94	1,72039
0941	0,941	1,72283
0942	0,942	1,71306
0943	0,943	1,74237
0944	0,944	1,71795
0945	0,945	1,71062
0946	0,946	1,72283
0947	0,947	1,68132
0948	0,948	1,72283
0949	0,949	1,72283
0950	0,95	1,71306
0951	0,951	1,72283
0952	0,952	1,72527
0953	0,953	1,71551
0954	0,954	1,70818
0955	0,955	1,72283
0956	0,956	1,71062
0957	0,957	1,71306
0958	0,958	1,67643
0959	0,959	1,71795
0960	0,96	1,74725
0961	0,961	1,70818
0962	0,962	1,72039
0963	0,963	1,72283
0964	0,964	1,71551
0965	0,965	1,69109
0966	0,966	1,71551
0967	0,967	1,71551
0968	0,968	1,70818
0969	0,969	1,66667
0970	0,97	1,71795
0971	0,971	1,72283
0972	0,972	1,71306
0973	0,973	1,69841
0974	0,974	1,71795
0975	0,975	1,73016
0976	0,976	1,71795
0977	0,977	1,72039
0978	0,978	1,71795
0979	0,979	1,71551
0980	0,98	1,66911
0981	0,981	1,72039
0982	0,982	1,72527
0983	0,983	1,70818
0984	0,984	1,68864
0985	0,985	1,71306
0986	0,986	1,73504
0987	0,987	1,71062
0988	0,988	1,72039
0989	0,989	1,70818
0990	0,99	1,71551
0991	0,991	1,69597
0992	0,992	1,71795
0993	0,993	1,71551
0994	0,994	1,71306
0995	0,995	1,68376
0996	0,996	1,71551
0997	0,997	1,7326
0998	0,998	1,70818
0999	0,999	1,72283
1000	1	1,71795