0000	0	0,655678
0001	0,000909090909090909	0,824176
0002	0,00181818181818182	0,711844
0003	0,00272727272727273	0,431013
0004	0,00363636363636364	0,035409
0005	0,00454545454545455	-0,431013
0006	0,00545454545454546	-0,67033
0007	0,00636363636363636	-0,741148
0008	0,00727272727272727	-0,562882
0009	0,00818181818181818	-0,130647
0010	0,00909090909090909	0,274725
0011	0,01	0,643468
0012	0,0109090909090909	0,855922
0013	0,0118181818181818	0,753358
0014	0,0127272727272727	0,421245
0015	0,0136363636363636	0,047619
0016	0,0145454545454545	-0,423687
0017	0,0154545454545455	-0,68254
0018	0,0163636363636364	-0,714286
0019	0,0172727272727273	-0,56044
0020	0,0181818181818182	-0,162393
0021	0,0190909090909091	0,289377
0022	0,02	0,628816
0023	0,0209090909090909	0,819292
0024	0,0218181818181818	0,763126
0025	0,0227272727272727	0,394383
0026	0,0236363636363636	0,0525031
0027	0,0245454545454545	-0,418803
0028	0,0254545454545455	-0,704518
0029	0,0263636363636364	-0,716728
0030	0,0272727272727273	-0,550672
0031	0,0281818181818182	-0,174603
0032	0,0290909090909091	0,296703
0033	0,03	0,65812
0034	0,0309090909090909	0,80464
0035	0,0318181818181818	0,772894
0036	0,0327272727272727	0,433455
0037	0,0336363636363636	0,013431
0038	0,0345454545454545	-0,413919
0039	0,0354545454545455	-0,675214
0040	0,0363636363636364	-0,741148
0041	0,0372727272727273	-0,528694
0042	0,0381818181818182	-0,157509
0043	0,0390909090909091	0,282051
0044	0,04	0,660562
0045	0,0409090909090909	0,82906
0046	0,0418181818181818	0,753358
0047	0,0427272727272727	0,445665
0048	0,0436363636363636	0,042735
0049	0,0445454545454545	-0,418803
0050	0,0454545454545455	-0,74359
0051	0,0463636363636364	-0,741148
0052	0,0472727272727273	-0,553114
0053	0,0481818181818182	-0,169719
0054	0,0490909090909091	0,274725
0055	0,05	0,64591
0056	0,0509090909090909	0,811966
0057	0,0518181818181818	0,753358
0058	0,0527272727272727	0,426129
0059	0,0536363636363636	0,037851
0060	0,0545454545454545	-0,404151
0061	0,0554545454545455	-0,650794
0062	0,0563636363636364	-0,721612
0063	0,0572727272727273	-0,53602
0064	0,0581818181818182	-0,150183
0065	0,0590909090909091	0,299145
0066	0,06	0,680098
0067	0,0609090909090909	0,85348
0068	0,0618181818181818	0,78022
0069	0,0627272727272727	0,455433
0070	0,0636363636363636	0,047619
0071	0,0645454545454545	-0,406593
0072	0,0654545454545455	-0,67033
0073	0,0663636363636364	-0,702076
0074	0,0672727272727273	-0,567766
0075	0,0681818181818182	-0,159951
0076	0,0690909090909091	0,289377
0077	0,07	0,650794
0078	0,0709090909090909	0,821734
0079	0,0718181818181818	0,7558
0080	0,0727272727272727	0,423687
0081	0,0736363636363636	0,037851
0082	0,0745454545454545	-0,418803
0083	0,0754545454545455	-0,684982
0084	0,0763636363636364	-0,728938
0085	0,0772727272727273	-0,54823
0086	0,0781818181818182	-0,162393
0087	0,0790909090909091	0,291819
0088	0,08	0,65812
0089	0,0809090909090909	0,824176
0090	0,0818181818181818	0,758242
0091	0,0827272727272727	0,431013
0092	0,0836363636363636	0,037851
0093	0,0845454545454545	-0,411477
0094	0,0854545454545455	-0,680098
0095	0,0863636363636364	-0,78022
0096	0,0872727272727273	-0,604396
0097	0,0881818181818182	-0,199023
0098	0,0890909090909091	0,267399
0099	0,09	0,604396
0100	0,0909090909090909	0,79243
0101	0,0918181818181818	0,697192
0102	0,0927272727272727	0,387057
0103	0,0936363636363636	-0,003663
0104	0,0945454545454545	-0,435897
0105	0,0954545454545455	-0,704518
0106	0,0963636363636364	-0,736264
0107	0,0972727272727273	-0,545788
0108	0,0981818181818182	-0,150183
0109	0,0990909090909091	0,294261
0110	0,1	0,582418
0111	0,100909090909091	0,775336
0112	0,101818181818182	0,73138
0113	0,102727272727273	0,401709
0114	0,103636363636364	0,040293
0115	0,104545454545455	-0,413919
0116	0,105454545454545	-0,68254
0117	0,106363636363636	-0,736264
0118	0,107272727272727	-0,545788
0119	0,108181818181818	-0,162393
0120	0,109090909090909	0,279609
0121	0,11	0,636142
0122	0,110909090909091	0,775336
0123	0,111818181818182	0,704518
0124	0,112727272727273	0,374847
0125	0,113636363636364	-0,015873
0126	0,114545454545455	-0,465201
0127	0,115454545454545	-0,724054
0128	0,116363636363636	-0,787546
0129	0,117272727272727	-0,606838
0130	0,118181818181818	-0,191697
0131	0,119090909090909	0,255189
0132	0,12	0,616606
0133	0,120909090909091	0,794872
0134	0,121818181818182	0,721612
0135	0,122727272727273	0,387057
0136	0,123636363636364	0,003663
0137	0,124545454545455	-0,467643
0138	0,125454545454545	-0,709402
0139	0,126363636363636	-0,736264
0140	0,127272727272727	-0,555556
0141	0,128181818181818	-0,167277
0142	0,129090909090909	0,294261
0143	0,13	0,636142
0144	0,130909090909091	0,79243
0145	0,131818181818182	0,714286
0146	0,132727272727273	0,367521
0147	0,133636363636364	-0,032967
0148	0,134545454545455	-0,462759
0149	0,135454545454545	-0,687424
0150	0,136363636363636	-0,74359
0151	0,137272727272727	-0,543346
0152	0,138181818181818	-0,150183
0153	0,139090909090909	0,286935
0154	0,14	0,648352
0155	0,140909090909091	0,819292
0156	0,141818181818182	0,748474
0157	0,142727272727273	0,428571
0158	0,143636363636364	0,0549451
0159	0,144545454545455	-0,409035
0160	0,145454545454545	-0,650794
0161	0,146363636363636	-0,704518
0162	0,147272727272727	-0,545788
0163	0,148181818181818	-0,137973
0164	0,149090909090909	0,308913
0165	0,15	0,638584
0166	0,150909090909091	0,831502
0167	0,151818181818182	0,758242
0168	0,152727272727273	0,413919
0169	0,153636363636364	0,035409
0170	0,154545454545455	-0,411477
0171	0,155454545454545	-0,680098
0172	0,156363636363636	-0,728938
0173	0,157272727272727	-0,543346
0174	0,158181818181818	-0,155067
0175	0,159090909090909	0,301587
0176	0,16	0,65812
0177	0,160909090909091	0,819292
0178	0,161818181818182	0,758242
0179	0,162727272727273	0,423687
0180	0,163636363636364	0,025641
0181	0,164545454545455	-0,423687
0182	0,165454545454545	-0,677656
0183	0,166363636363636	-0,738706
0184	0,167272727272727	-0,545788
0185	0,168181818181818	-0,145299
0186	0,169090909090909	0,299145
0187	0,17	0,650794
0188	0,170909090909091	0,826618
0189	0,171818181818182	0,7558
0190	0,172727272727273	0,428571
0191	0,173636363636364	0,032967
0192	0,174545454545455	-0,423687
0193	0,175454545454545	-0,675214
0194	0,176363636363636	-0,721612
0195	0,177272727272727	-0,543346
0196	0,178181818181818	-0,152625
0197	0,179090909090909	0,321123
0198	0,18	0,653236
0199	0,180909090909091	0,82906
0200	0,181818181818182	0,770452
0201	0,182727272727273	0,431013
0202	0,183636363636364	0,035409
0203	0,184545454545455	-0,438339
0204	0,185454545454545	-0,692308
0205	0,186363636363636	-0,785104
0206	0,187272727272727	-0,592186
0207	0,188181818181818	-0,186813
0208	0,189090909090909	0,304029
0209	0,19	0,641026
0210	0,190909090909091	0,821734
0211	0,191818181818182	0,728938
0212	0,192727272727273	0,431013
0213	0,193636363636364	-0,023199
0214	0,194545454545455	-0,438339
0215	0,195454545454545	-0,721612
0216	0,196363636363636	-0,736264
0217	0,197272727272727	-0,582418
0218	0,198181818181818	-0,179487
0219	0,199090909090909	0,274725
0220	0,2	0,655678
0221	0,200909090909091	0,821734
0222	0,201818181818182	0,748474
0223	0,202727272727273	0,421245
0224	0,203636363636364	0,028083
0225	0,204545454545455	-0,433455
0226	0,205454545454545	-0,68254
0227	0,206363636363636	-0,73138
0228	0,207272727272727	-0,553114
0229	0,208181818181818	-0,169719
0230	0,209090909090909	0,308913
0231	0,21	0,643468
0232	0,210909090909091	0,814408
0233	0,211818181818182	0,741148
0234	0,212727272727273	0,416361
0235	0,213636363636364	0,015873
0236	0,214545454545455	-0,423687
0237	0,215454545454545	-0,692308
0238	0,216363636363636	-0,736264
0239	0,217272727272727	-0,533578
0240	0,218181818181818	-0,167277
0241	0,219090909090909	0,301587
0242	0,22	0,650794
0243	0,220909090909091	0,819292
0244	0,221818181818182	0,74359
0245	0,222727272727273	0,426129
0246	0,223636363636364	0,025641
0247	0,224545454545455	-0,433455
0248	0,225454545454545	-0,687424
0249	0,226363636363636	-0,728938
0250	0,227272727272727	-0,555556
0251	0,228181818181818	-0,157509
0252	0,229090909090909	0,306471
0253	0,23	0,64591
0254	0,230909090909091	0,81685
0255	0,231818181818182	0,750916
0256	0,232727272727273	0,413919
0257	0,233636363636364	0,023199
0258	0,234545454545455	-0,428571
0259	0,235454545454545	-0,697192
0260	0,236363636363636	-0,736264
0261	0,237272727272727	-0,538462
0262	0,238181818181818	-0,164835
0263	0,239090909090909	0,313797
0264	0,24	0,655678
0265	0,240909090909091	0,82906
0266	0,241818181818182	0,74359
0267	0,242727272727273	0,433455
0268	0,243636363636364	0,025641
0269	0,244545454545455	-0,409035
0270	0,245454545454545	-0,68254
0271	0,246363636363636	-0,70696
0272	0,247272727272727	-0,514042
0273	0,248181818181818	-0,125763
0274	0,249090909090909	0,330891
0275	0,25	0,677656
0276	0,250909090909091	0,848596
0277	0,251818181818182	0,758242
0278	0,252727272727273	0,421245
0279	0,253636363636364	0,025641
0280	0,254545454545455	-0,431013
0281	0,255454545454545	-0,68254
0282	0,256363636363636	-0,726496
0283	0,257272727272727	-0,543346
0284	0,258181818181818	-0,157509
0285	0,259090909090909	0,321123
0286	0,26	0,650794
0287	0,260909090909091	0,824176
0288	0,261818181818182	0,760684
0289	0,262727272727273	0,423687
0290	0,263636363636364	0,023199
0291	0,264545454545455	-0,416361
0292	0,265454545454545	-0,680098
0293	0,266363636363636	-0,73138
0294	0,267272727272727	-0,531136
0295	0,268181818181818	-0,152625
0296	0,269090909090909	0,311355
0297	0,27	0,655678
0298	0,270909090909091	0,821734
0299	0,271818181818182	0,748474
0300	0,272727272727273	0,421245
0301	0,273636363636364	0,015873
0302	0,274545454545455	-0,448107
0303	0,275454545454545	-0,699634
0304	0,276363636363636	-0,78022
0305	0,277272727272727	-0,577534
0306	0,278181818181818	-0,208791
0307	0,279090909090909	0,257631
0308	0,28	0,601954
0309	0,280909090909091	0,770452
0310	0,281818181818182	0,709402
0311	0,282727272727273	0,369963
0312	0,283636363636364	-0,020757
0313	0,284545454545455	-0,474969
0314	0,285454545454545	-0,702076
0315	0,286363636363636	-0,738706
0316	0,287272727272727	-0,533578
0317	0,288181818181818	-0,155067
0318	0,289090909090909	0,326007
0319	0,29	0,655678
0320	0,290909090909091	0,814408
0321	0,291818181818182	0,753358
0322	0,292727272727273	0,426129
0323	0,293636363636364	0,015873
0324	0,294545454545455	-0,423687
0325	0,295454545454545	-0,675214
0326	0,296363636363636	-0,726496
0327	0,297272727272727	-0,526252
0328	0,298181818181818	-0,172161
0329	0,299090909090909	0,294261
0330	0,3	0,60928
0331	0,300909090909091	0,765568
0332	0,301818181818182	0,736264
0333	0,302727272727273	0,416361
0334	0,303636363636364	0,045177
0335	0,304545454545455	-0,426129
0336	0,305454545454545	-0,68254
0337	0,306363636363636	-0,721612
0338	0,307272727272727	-0,53602
0339	0,308181818181818	-0,159951
0340	0,309090909090909	0,318681
0341	0,31	0,641026
0342	0,310909090909091	0,811966
0343	0,311818181818182	0,74359
0344	0,312727272727273	0,411477
0345	0,313636363636364	0,020757
0346	0,314545454545455	-0,423687
0347	0,315454545454545	-0,697192
0348	0,316363636363636	-0,73138
0349	0,317272727272727	-0,52381
0350	0,318181818181818	-0,169719
0351	0,319090909090909	0,311355
0352	0,32	0,655678
0353	0,320909090909091	0,81685
0354	0,321818181818182	0,741148
0355	0,322727272727273	0,423687
0356	0,323636363636364	0,025641
0357	0,324545454545455	-0,431013
0358	0,325454545454545	-0,684982
0359	0,326363636363636	-0,738706
0360	0,327272727272727	-0,540904
0361	0,328181818181818	-0,157509
0362	0,329090909090909	0,313797
0363	0,33	0,641026
0364	0,330909090909091	0,821734
0365	0,331818181818182	0,74359
0366	0,332727272727273	0,416361
0367	0,333636363636364	0,023199
0368	0,334545454545455	-0,433455
0369	0,335454545454545	-0,697192
0370	0,336363636363636	-0,728938
0371	0,337272727272727	-0,531136
0372	0,338181818181818	-0,159951
0373	0,339090909090909	0,321123
0374	0,34	0,65812
0375	0,340909090909091	0,836386
0376	0,341818181818182	0,775336
0377	0,342727272727273	0,448107
0378	0,343636363636364	0,0500611
0379	0,344545454545455	-0,389499
0380	0,345454545454545	-0,655678
0381	0,346363636363636	-0,709402
0382	0,347272727272727	-0,499389
0383	0,348181818181818	-0,123321
0384	0,349090909090909	0,338217
0385	0,35	0,64591
0386	0,350909090909091	0,843712
0387	0,351818181818182	0,746032
0388	0,352727272727273	0,445665
0389	0,353636363636364	0,020757
0390	0,354545454545455	-0,426129
0391	0,355454545454545	-0,692308
0392	0,356363636363636	-0,73138
0393	0,357272727272727	-0,540904
0394	0,358181818181818	-0,152625
0395	0,359090909090909	0,318681
0396	0,36	0,650794
0397	0,360909090909091	0,833944
0398	0,361818181818182	0,760684
0399	0,362727272727273	0,421245
0400	0,363636363636364	0,035409
0401	0,364545454545455	-0,411477
0402	0,365454545454545	-0,660562
0403	0,366363636363636	-0,699634
0404	0,367272727272727	-0,504274
0405	0,368181818181818	-0,142857
0406	0,369090909090909	0,321123
0407	0,37	0,650794
0408	0,370909090909091	0,811966
0409	0,371818181818182	0,74359
0410	0,372727272727273	0,413919
0411	0,373636363636364	0,013431
0412	0,374545454545455	-0,428571
0413	0,375454545454545	-0,677656
0414	0,376363636363636	-0,728938
0415	0,377272727272727	-0,521368
0416	0,378181818181818	-0,150183
0417	0,379090909090909	0,321123
0418	0,38	0,655678
0419	0,380909090909091	0,82906
0420	0,381818181818182	0,753358
0421	0,382727272727273	0,418803
0422	0,383636363636364	0,040293
0423	0,384545454545455	-0,423687
0424	0,385454545454545	-0,680098
0425	0,386363636363636	-0,733822
0426	0,387272727272727	-0,52381
0427	0,388181818181818	-0,150183
0428	0,389090909090909	0,326007
0429	0,39	0,611722
0430	0,390909090909091	0,797314
0431	0,391818181818182	0,699634
0432	0,392727272727273	0,360195
0433	0,393636363636364	-0,037851
0434	0,394545454545455	-0,455433
0435	0,395454545454545	-0,70696
0436	0,396363636363636	-0,728938
0437	0,397272727272727	-0,514042
0438	0,398181818181818	-0,152625
0439	0,399090909090909	0,318681
0440	0,4	0,655678
0441	0,400909090909091	0,814408
0442	0,401818181818182	0,748474
0443	0,402727272727273	0,418803
0444	0,403636363636364	0,023199
0445	0,404545454545455	-0,428571
0446	0,405454545454545	-0,687424
0447	0,406363636363636	-0,728938
0448	0,407272727272727	-0,521368
0449	0,408181818181818	-0,145299
0450	0,409090909090909	0,326007
0451	0,41	0,643468
0452	0,410909090909091	0,82906
0453	0,411818181818182	0,74359
0454	0,412727272727273	0,411477
0455	0,413636363636364	0,023199
0456	0,414545454545455	-0,423687
0457	0,415454545454545	-0,69475
0458	0,416363636363636	-0,738706
0459	0,417272727272727	-0,521368
0460	0,418181818181818	-0,162393
0461	0,419090909090909	0,323565
0462	0,42	0,655678
0463	0,420909090909091	0,81685
0464	0,421818181818182	0,7558
0465	0,422727272727273	0,431013
0466	0,423636363636364	0,023199
0467	0,424545454545455	-0,399267
0468	0,425454545454545	-0,667888
0469	0,426363636363636	-0,711844
0470	0,427272727272727	-0,494505
0471	0,428181818181818	-0,115995
0472	0,429090909090909	0,330891
0473	0,43	0,65812
0474	0,430909090909091	0,826618
0475	0,431818181818182	0,738706
0476	0,432727272727273	0,426129
0477	0,433636363636364	0,035409
0478	0,434545454545455	-0,423687
0479	0,435454545454545	-0,684982
0480	0,436363636363636	-0,738706
0481	0,437272727272727	-0,518926
0482	0,438181818181818	-0,147741
0483	0,439090909090909	0,330891
0484	0,44	0,64591
0485	0,440909090909091	0,82906
0486	0,441818181818182	0,760684
0487	0,442727272727273	0,423687
0488	0,443636363636364	0,028083
0489	0,444545454545455	-0,418803
0490	0,445454545454545	-0,68254
0491	0,446363636363636	-0,726496
0492	0,447272727272727	-0,5116
0493	0,448181818181818	-0,147741
0494	0,449090909090909	0,323565
0495	0,45	0,648352
0496	0,450909090909091	0,81685
0497	0,451818181818182	0,746032
0498	0,452727272727273	0,379731
0499	0,453636363636364	-0,045177
0500	0,454545454545455	-0,472527
0501	0,455454545454545	-0,692308
0502	0,456363636363636	-0,73138
0503	0,457272727272727	-0,5116
0504	0,458181818181818	-0,145299
0505	0,459090909090909	0,326007
0506	0,46	0,655678
0507	0,460909090909091	0,831502
0508	0,461818181818182	0,746032
0509	0,462727272727273	0,423687
0510	0,463636363636364	0,023199
0511	0,464545454545455	-0,428571
0512	0,465454545454545	-0,689866
0513	0,466363636363636	-0,71917
0514	0,467272727272727	-0,518926
0515	0,468181818181818	-0,155067
0516	0,469090909090909	0,321123
0517	0,47	0,64591
0518	0,470909090909091	0,811966
0519	0,471818181818182	0,746032
0520	0,472727272727273	0,413919
0521	0,473636363636364	0,010989
0522	0,474545454545455	-0,428571
0523	0,475454545454545	-0,692308
0524	0,476363636363636	-0,738706
0525	0,477272727272727	-0,506716
0526	0,478181818181818	-0,162393
0527	0,479090909090909	0,316239
0528	0,48	0,655678
0529	0,480909090909091	0,819292
0530	0,481818181818182	0,74359
0531	0,482727272727273	0,421245
0532	0,483636363636364	0,018315
0533	0,484545454545455	-0,426129
0534	0,485454545454545	-0,653236
0535	0,486363636363636	-0,704518
0536	0,487272727272727	-0,504274
0537	0,488181818181818	-0,142857
0538	0,489090909090909	0,330891
0539	0,49	0,653236
0540	0,490909090909091	0,831502
0541	0,491818181818182	0,741148
0542	0,492727272727273	0,409035
0543	0,493636363636364	0,020757
0544	0,494545454545455	-0,418803
0545	0,495454545454545	-0,69475
0546	0,496363636363636	-0,726496
0547	0,497272727272727	-0,501832
0548	0,498181818181818	-0,155067
0549	0,499090909090909	0,321123
0550	0,5	0,64591
0551	0,500909090909091	0,824176
0552	0,501818181818182	0,760684
0553	0,502727272727273	0,421245
0554	0,503636363636364	0,015873
0555	0,504545454545455	-0,416361
0556	0,505454545454545	-0,689866
0557	0,506363636363636	-0,73138
0558	0,507272727272727	-0,506716
0559	0,508181818181818	-0,145299
0560	0,509090909090909	0,318681
0561	0,51	0,650794
0562	0,510909090909091	0,821734
0563	0,511818181818182	0,746032
0564	0,512727272727273	0,394383
0565	0,513636363636364	0,020757
0566	0,514545454545455	-0,423687
0567	0,515454545454546	-0,684982
0568	0,516363636363636	-0,728938
0569	0,517272727272727	-0,514042
0570	0,518181818181818	-0,147741
0571	0,519090909090909	0,326007
0572	0,52	0,648352
0573	0,520909090909091	0,821734
0574	0,521818181818182	0,760684
0575	0,522727272727273	0,418803
0576	0,523636363636364	0,025641
0577	0,524545454545455	-0,418803
0578	0,525454545454546	-0,684982
0579	0,526363636363636	-0,726496
0580	0,527272727272727	-0,496947
0581	0,528181818181818	-0,155067
0582	0,529090909090909	0,323565
0583	0,53	0,65812
0584	0,530909090909091	0,821734
0585	0,531818181818182	0,748474
0586	0,532727272727273	0,421245
0587	0,533636363636364	0,013431
0588	0,534545454545455	-0,416361
0589	0,535454545454545	-0,684982
0590	0,536363636363636	-0,73138
0591	0,537272727272727	-0,501832
0592	0,538181818181818	-0,150183
0593	0,539090909090909	0,321123
0594	0,54	0,65812
0595	0,540909090909091	0,82906
0596	0,541818181818182	0,750916
0597	0,542727272727273	0,423687
0598	0,543636363636364	0,025641
0599	0,544545454545455	-0,418803
0600	0,545454545454545	-0,684982
0601	0,546363636363636	-0,721612
0602	0,547272727272727	-0,509158
0603	0,548181818181818	-0,147741
0604	0,549090909090909	0,328449
0605	0,55	0,638584
0606	0,550909090909091	0,826618
0607	0,551818181818182	0,753358
0608	0,552727272727273	0,418803
0609	0,553636363636364	0,015873
0610	0,554545454545455	-0,413919
0611	0,555454545454545	-0,689866
0612	0,556363636363636	-0,73138
0613	0,557272727272727	-0,496947
0614	0,558181818181818	-0,145299
0615	0,559090909090909	0,321123
0616	0,56	0,660562
0617	0,560909090909091	0,826618
0618	0,561818181818182	0,7558
0619	0,562727272727273	0,423687
0620	0,563636363636364	0,023199
0621	0,564545454545455	-0,421245
0622	0,565454545454545	-0,680098
0623	0,566363636363636	-0,728938
0624	0,567272727272727	-0,514042
0625	0,568181818181818	-0,140415
0626	0,569090909090909	0,321123
0627	0,57	0,648352
0628	0,570909090909091	0,826618
0629	0,571818181818182	0,750916
0630	0,572727272727273	0,423687
0631	0,573636363636364	0,020757
0632	0,574545454545455	-0,418803
0633	0,575454545454545	-0,687424
0634	0,576363636363636	-0,721612
0635	0,577272727272727	-0,501832
0636	0,578181818181818	-0,150183
0637	0,579090909090909	0,333333
0638	0,58	0,655678
0639	0,580909090909091	0,821734
0640	0,581818181818182	0,760684
0641	0,582727272727273	0,418803
0642	0,583636363636364	0,013431
0643	0,584545454545455	-0,413919
0644	0,585454545454545	-0,684982
0645	0,586363636363636	-0,763126
0646	0,587272727272727	-0,516484
0647	0,588181818181818	-0,199023
0648	0,589090909090909	0,260073
0649	0,59	0,599512
0650	0,590909090909091	0,770452
0651	0,591818181818182	0,704518
0652	0,592727272727273	0,387057
0653	0,593636363636364	-0,037851
0654	0,594545454545455	-0,477411
0655	0,595454545454545	-0,728938
0656	0,596363636363636	-0,746032
0657	0,597272727272727	-0,501832
0658	0,598181818181818	-0,145299
0659	0,599090909090909	0,326007
0660	0,6	0,653236
0661	0,600909090909091	0,824176
0662	0,601818181818182	0,750916
0663	0,602727272727273	0,421245
0664	0,603636363636364	0,025641
0665	0,604545454545455	-0,421245
0666	0,605454545454545	-0,697192
0667	0,606363636363636	-0,724054
0668	0,607272727272727	-0,504274
0669	0,608181818181818	-0,150183
0670	0,609090909090909	0,326007
0671	0,61	0,65812
0672	0,610909090909091	0,814408
0673	0,611818181818182	0,748474
0674	0,612727272727273	0,423687
0675	0,613636363636364	0,015873
0676	0,614545454545455	-0,423687
0677	0,615454545454545	-0,687424
0678	0,616363636363636	-0,736264
0679	0,617272727272727	-0,494505
0680	0,618181818181818	-0,145299
0681	0,619090909090909	0,299145
0682	0,62	0,64591
0683	0,620909090909091	0,765568
0684	0,621818181818182	0,692308
0685	0,622727272727273	0,401709
0686	0,623636363636364	-0,00854701
0687	0,624545454545455	-0,448107
0688	0,625454545454545	-0,728938
0689	0,626363636363636	-0,74359
0690	0,627272727272727	-0,526252
0691	0,628181818181818	-0,159951
0692	0,629090909090909	0,326007
0693	0,63	0,653236
0694	0,630909090909091	0,81685
0695	0,631818181818182	0,748474
0696	0,632727272727273	0,413919
0697	0,633636363636364	0,00610501
0698	0,634545454545455	-0,435897
0699	0,635454545454545	-0,702076
0700	0,636363636363636	-0,73138
0701	0,637272727272727	-0,501832
0702	0,638181818181818	-0,164835
0703	0,639090909090909	0,323565
0704	0,64	0,65812
0705	0,640909090909091	0,809524
0706	0,641818181818182	0,74359
0707	0,642727272727273	0,421245
0708	0,643636363636364	0,00610501
0709	0,644545454545455	-0,438339
0710	0,645454545454546	-0,692308
0711	0,646363636363636	-0,733822
0712	0,647272727272727	-0,5116
0713	0,648181818181818	-0,147741
0714	0,649090909090909	0,313797
0715	0,65	0,655678
0716	0,650909090909091	0,819292
0717	0,651818181818182	0,7558
0718	0,652727272727273	0,440781
0719	0,653636363636364	0,045177
0720	0,654545454545455	-0,418803
0721	0,655454545454545	-0,677656
0722	0,656363636363636	-0,724054
0723	0,657272727272727	-0,474969
0724	0,658181818181818	-0,142857
0725	0,659090909090909	0,350427
0726	0,66	0,660562
0727	0,660909090909091	0,836386
0728	0,661818181818182	0,753358
0729	0,662727272727273	0,418803
0730	0,663636363636364	0,00854701
0731	0,664545454545455	-0,423687
0732	0,665454545454545	-0,697192
0733	0,666363636363636	-0,709402
0734	0,667272727272727	-0,509158
0735	0,668181818181818	-0,135531
0736	0,669090909090909	0,318681
0737	0,67	0,663004
0738	0,670909090909091	0,814408
0739	0,671818181818182	0,738706
0740	0,672727272727273	0,421245
0741	0,673636363636364	0,00610501
0742	0,674545454545455	-0,433455
0743	0,675454545454545	-0,69475
0744	0,676363636363636	-0,733822
0745	0,677272727272727	-0,499389
0746	0,678181818181818	-0,150183
0747	0,679090909090909	0,323565
0748	0,68	0,648352
0749	0,680909090909091	0,82906
0750	0,681818181818182	0,748474
0751	0,682727272727273	0,418803
0752	0,683636363636364	0,018315
0753	0,684545454545455	-0,423687
0754	0,685454545454545	-0,689866
0755	0,686363636363636	-0,716728
0756	0,687272727272727	-0,514042
0757	0,688181818181818	-0,184371
0758	0,689090909090909	0,272283
0759	0,69	0,594628
0760	0,690909090909091	0,76801
0761	0,691818181818182	0,69475
0762	0,692727272727273	0,365079
0763	0,693636363636364	-0,0525031
0764	0,694545454545455	-0,477411
0765	0,695454545454545	-0,748474
0766	0,696363636363636	-0,787546
0767	0,697272727272727	-0,484737
0768	0,698181818181818	-0,155067
0769	0,699090909090909	0,318681
0770	0,7	0,653236
0771	0,700909090909091	0,821734
0772	0,701818181818182	0,750916
0773	0,702727272727273	0,413919
0774	0,703636363636364	-0,023199
0775	0,704545454545455	-0,484737
0776	0,705454545454545	-0,746032
0777	0,706363636363636	-0,746032
0778	0,707272727272727	-0,5116
0779	0,708181818181818	-0,140415
0780	0,709090909090909	0,323565
0781	0,71	0,638584
0782	0,710909090909091	0,821734
0783	0,711818181818182	0,736264
0784	0,712727272727273	0,406593
0785	0,713636363636364	0,001221
0786	0,714545454545455	-0,428571
0787	0,715454545454545	-0,709402
0788	0,716363636363636	-0,736264
0789	0,717272727272727	-0,496947
0790	0,718181818181818	-0,162393
0791	0,719090909090909	0,333333
0792	0,72	0,655678
0793	0,720909090909091	0,84127
0794	0,721818181818182	0,748474
0795	0,722727272727273	0,435897
0796	0,723636363636364	0,00854701
0797	0,724545454545454	-0,409035
0798	0,725454545454545	-0,68254
0799	0,726363636363636	-0,702076
0800	0,727272727272727	-0,494505
0801	0,728181818181818	-0,145299
0802	0,729090909090909	0,316239
0803	0,73	0,64591
0804	0,730909090909091	0,819292
0805	0,731818181818182	0,738706
0806	0,732727272727273	0,413919
0807	0,733636363636364	0,010989
0808	0,734545454545455	-0,411477
0809	0,735454545454545	-0,67033
0810	0,736363636363636	-0,709402
0811	0,737272727272727	-0,492063
0812	0,738181818181818	-0,152625
0813	0,739090909090909	0,330891
0814	0,74	0,648352
0815	0,740909090909091	0,81685
0816	0,741818181818182	0,753358
0817	0,742727272727273	0,416361
0818	0,743636363636364	0,00854701
0819	0,744545454545455	-0,421245
0820	0,745454545454545	-0,69475
0821	0,746363636363636	-0,728938
0822	0,747272727272727	-0,499389
0823	0,748181818181818	-0,147741
0824	0,749090909090909	0,323565
0825	0,75	0,655678
0826	0,750909090909091	0,826618
0827	0,751818181818182	0,74359
0828	0,752727272727273	0,423687
0829	0,753636363636364	-0,003663
0830	0,754545454545455	-0,421245
0831	0,755454545454545	-0,689866
0832	0,756363636363636	-0,728938
0833	0,757272727272727	-0,496947
0834	0,758181818181818	-0,137973
0835	0,759090909090909	0,323565
0836	0,76	0,643468
0837	0,760909090909091	0,836386
0838	0,761818181818182	0,746032
0839	0,762727272727273	0,418803
0840	0,763636363636364	0,00610501
0841	0,764545454545455	-0,431013
0842	0,765454545454546	-0,73138
0843	0,766363636363636	-0,782662
0844	0,767272727272727	-0,545788
0845	0,768181818181818	-0,155067
0846	0,769090909090909	0,328449
0847	0,77	0,643468
0848	0,770909090909091	0,81685
0849	0,771818181818182	0,74359
0850	0,772727272727273	0,411477
0851	0,773636363636364	-0,010989
0852	0,774545454545455	-0,426129
0853	0,775454545454546	-0,697192
0854	0,776363636363636	-0,736264
0855	0,777272727272727	-0,496947
0856	0,778181818181818	-0,140415
0857	0,779090909090909	0,330891
0858	0,78	0,665446
0859	0,780909090909091	0,833944
0860	0,781818181818182	0,772894
0861	0,782727272727273	0,426129
0862	0,783636363636364	0,025641
0863	0,784545454545455	-0,418803
0864	0,785454545454545	-0,672772
0865	0,786363636363636	-0,724054
0866	0,787272727272727	-0,501832
0867	0,788181818181818	-0,145299
0868	0,789090909090909	0,333333
0869	0,79	0,648352
0870	0,790909090909091	0,833944
0871	0,791818181818182	0,748474
0872	0,792727272727273	0,413919
0873	0,793636363636364	-0,001221
0874	0,794545454545455	-0,423687
0875	0,795454545454545	-0,70696
0876	0,796363636363636	-0,728938
0877	0,797272727272727	-0,494505
0878	0,798181818181818	-0,155067
0879	0,799090909090909	0,321123
0880	0,8	0,677656
0881	0,800909090909091	0,81685
0882	0,801818181818182	0,760684
0883	0,802727272727273	0,428571
0884	0,803636363636364	0,018315
0885	0,804545454545455	-0,409035
0886	0,805454545454545	-0,667888
0887	0,806363636363636	-0,704518
0888	0,807272727272727	-0,477411
0889	0,808181818181818	-0,120879
0890	0,809090909090909	0,343101
0891	0,81	0,680098
0892	0,810909090909091	0,851038
0893	0,811818181818182	0,763126
0894	0,812727272727273	0,426129
0895	0,813636363636364	0,010989
0896	0,814545454545455	-0,435897
0897	0,815454545454545	-0,702076
0898	0,816363636363636	-0,73138
0899	0,817272727272727	-0,489621
0900	0,818181818181818	-0,157509
0901	0,819090909090909	0,330891
0902	0,82	0,648352
0903	0,820909090909091	0,81685
0904	0,821818181818182	0,746032
0905	0,822727272727273	0,416361
0906	0,823636363636364	-0,001221
0907	0,824545454545455	-0,423687
0908	0,825454545454545	-0,697192
0909	0,826363636363636	-0,724054
0910	0,827272727272727	-0,501832
0911	0,828181818181818	-0,152625
0912	0,829090909090909	0,321123
0913	0,83	0,660562
0914	0,830909090909091	0,81685
0915	0,831818181818182	0,728938
0916	0,832727272727273	0,418803
0917	0,833636363636364	-0,010989
0918	0,834545454545455	-0,428571
0919	0,835454545454545	-0,697192
0920	0,836363636363636	-0,728938
0921	0,837272727272727	-0,496947
0922	0,838181818181818	-0,150183
0923	0,839090909090909	0,326007
0924	0,84	0,663004
0925	0,840909090909091	0,831502
0926	0,841818181818182	0,736264
0927	0,842727272727273	0,421245
0928	0,843636363636364	0,003663
0929	0,844545454545455	-0,428571
0930	0,845454545454545	-0,702076
0931	0,846363636363636	-0,71917
0932	0,847272727272727	-0,494505
0933	0,848181818181818	-0,157509
0934	0,849090909090909	0,328449
0935	0,85	0,650794
0936	0,850909090909091	0,819292
0937	0,851818181818182	0,738706
0938	0,852727272727273	0,418803
0939	0,853636363636364	-0,010989
0940	0,854545454545455	-0,421245
0941	0,855454545454545	-0,704518
0942	0,856363636363636	-0,738706
0943	0,857272727272727	-0,487179
0944	0,858181818181818	-0,150183
0945	0,859090909090909	0,321123
0946	0,86	0,665446
0947	0,860909090909091	0,824176
0948	0,861818181818182	0,738706
0949	0,862727272727273	0,423687
0950	0,863636363636364	-0,00610501
0951	0,864545454545455	-0,433455
0952	0,865454545454545	-0,699634
0953	0,866363636363636	-0,728938
0954	0,867272727272727	-0,504274
0955	0,868181818181818	-0,145299
0956	0,869090909090909	0,321123
0957	0,87	0,648352
0958	0,870909090909091	0,826618
0959	0,871818181818182	0,74359
0960	0,872727272727273	0,413919
0961	0,873636363636364	-0,00610501
0962	0,874545454545455	-0,418803
0963	0,875454545454545	-0,704518
0964	0,876363636363636	-0,728938
0965	0,877272727272727	-0,487179
0966	0,878181818181818	-0,159951
0967	0,879090909090909	0,328449
0968	0,88	0,64591
0969	0,880909090909091	0,811966
0970	0,881818181818182	0,741148
0971	0,882727272727273	0,377289
0972	0,883636363636364	-0,037851
0973	0,884545454545455	-0,479853
0974	0,885454545454545	-0,750916
0975	0,886363636363636	-0,787546
0976	0,887272727272727	-0,562882
0977	0,888181818181818	-0,189255
0978	0,889090909090909	0,269841
0979	0,89	0,604396
0980	0,890909090909091	0,78022
0981	0,891818181818182	0,692308
0982	0,892727272727273	0,413919
0983	0,893636363636364	-0,0525031
0984	0,894545454545455	-0,440781
0985	0,895454545454546	-0,746032
0986	0,896363636363636	-0,733822
0987	0,897272727272727	-0,496947
0988	0,898181818181818	-0,145299
0989	0,899090909090909	0,335775
0990	0,9	0,655678
0991	0,900909090909091	0,772894
0992	0,901818181818182	0,699634
0993	0,902727272727273	0,404151
0994	0,903636363636364	-0,030525
0995	0,904545454545455	-0,421245
0996	0,905454545454545	-0,702076
0997	0,906363636363636	-0,726496
0998	0,907272727272727	-0,489621
0999	0,908181818181818	-0,147741
1000	0,909090909090909	0,321123
1001	0,91	0,643468
1002	0,910909090909091	0,811966
1003	0,911818181818182	0,73138
1004	0,912727272727273	0,416361
1005	0,913636363636364	-0,035409
1006	0,914545454545455	-0,438339
1007	0,915454545454545	-0,70696
1008	0,916363636363636	-0,736264
1009	0,917272727272727	-0,501832
1010	0,918181818181818	-0,150183
1011	0,919090909090909	0,323565
1012	0,92	0,648352
1013	0,920909090909091	0,819292
1014	0,921818181818182	0,733822
1015	0,922727272727273	0,413919
1016	0,923636363636364	-0,018315
1017	0,924545454545455	-0,426129
1018	0,925454545454545	-0,699634
1019	0,926363636363636	-0,716728
1020	0,927272727272727	-0,514042
1021	0,928181818181818	-0,145299
1022	0,929090909090909	0,328449
1023	0,93	0,655678
1024	0,930909090909091	0,807082
1025	0,931818181818182	0,736264
1026	0,932727272727273	0,409035
1027	0,933636363636364	-0,030525
1028	0,934545454545455	-0,431013
1029	0,935454545454545	-0,709402
1030	0,936363636363636	-0,738706
1031	0,937272727272727	-0,504274
1032	0,938181818181818	-0,157509
1033	0,939090909090909	0,316239
1034	0,94	0,65812
1035	0,940909090909091	0,821734
1036	0,941818181818182	0,728938
1037	0,942727272727273	0,421245
1038	0,943636363636364	-0,018315
1039	0,944545454545455	-0,431013
1040	0,945454545454545	-0,702076
1041	0,946363636363636	-0,728938
1042	0,947272727272727	-0,5116
1043	0,948181818181818	-0,145299
1044	0,949090909090909	0,313797
1045	0,95	0,643468
1046	0,950909090909091	0,821734
1047	0,951818181818182	0,73138
1048	0,952727272727273	0,404151
1049	0,953636363636364	-0,030525
1050	0,954545454545455	-0,433455
1051	0,955454545454545	-0,714286
1052	0,956363636363636	-0,736264
1053	0,957272727272727	-0,496947
1054	0,958181818181818	-0,152625
1055	0,959090909090909	0,330891
1056	0,96	0,65812
1057	0,960909090909091	0,82906
1058	0,961818181818182	0,746032
1059	0,962727272727273	0,428571
1060	0,963636363636364	-0,032967
1061	0,964545454545455	-0,421245
1062	0,965454545454545	-0,699634
1063	0,966363636363636	-0,73138
1064	0,967272727272727	-0,474969
1065	0,968181818181818	-0,140415
1066	0,969090909090909	0,343101
1067	0,97	0,675214
1068	0,970909090909091	0,85348
1069	0,971818181818182	0,746032
1070	0,972727272727273	0,440781
1071	0,973636363636364	-0,00610501
1072	0,974545454545454	-0,411477
1073	0,975454545454545	-0,692308
1074	0,976363636363636	-0,71917
1075	0,977272727272727	-0,482295
1076	0,978181818181818	-0,128205
1077	0,979090909090909	0,350427
1078	0,98	0,655678
1079	0,980909090909091	0,831502
1080	0,981818181818182	0,748474
1081	0,982727272727273	0,406593
1082	0,983636363636364	-0,025641
1083	0,984545454545455	-0,426129
1084	0,985454545454545	-0,704518
1085	0,986363636363636	-0,73138
1086	0,987272727272727	-0,496947
1087	0,988181818181818	-0,150183
1088	0,989090909090909	0,350427
1089	0,99	0,687424
1090	0,990909090909091	0,82906
1091	0,991818181818182	0,748474
1092	0,992727272727273	0,413919
1093	0,993636363636364	-0,025641
1094	0,994545454545455	-0,433455
1095	0,995454545454545	-0,702076
1096	0,996363636363636	-0,736264
1097	0,997272727272727	-0,496947
1098	0,998181818181818	-0,145299
1099	0,999090909090909	0,313797
1100	1	0,667888