0000	0	0,992674
0001	0,0005	-0,907204
0002	0,001	0,992674
0003	0,0015	-0,904762
0004	0,002	1,00977
0005	0,0025	-0,953602
0006	0,003	0,990232
0007	0,0035	-0,912088
0008	0,004	1
0009	0,0045	-0,912088
0010	0,005	1
0011	0,0055	-0,897436
0012	0,006	0,941392
0013	0,0065	-0,91453
0014	0,007	0,995116
0015	0,0075	-0,897436
0016	0,008	1,00488
0017	0,0085	-0,953602
0018	0,009	1
0019	0,0095	-0,912088
0020	0,01	1
0021	0,0105	-0,887668
0022	0,011	0,973138
0023	0,0115	-0,90232
0024	0,012	0,992674
0025	0,0125	-0,904762
0026	0,013	1,00977
0027	0,0135	-0,919414
0028	0,014	0,992674
0029	0,0145	-0,907204
0030	0,015	0,997558
0031	0,0155	-0,91453
0032	0,016	0,997558
0033	0,0165	-0,907204
0034	0,017	1,00488
0035	0,0175	-0,899878
0036	0,018	0,978022
0037	0,0185	-0,907204
0038	0,019	0,997558
0039	0,0195	-0,907204
0040	0,02	0,990232
0041	0,0205	-0,904762
0042	0,021	1,01709
0043	0,0215	-0,956044
0044	0,022	0,995116
0045	0,0225	-0,907204
0046	0,023	1,00244
0047	0,0235	-0,91453
0048	0,024	1,00488
0049	0,0245	-0,921856
0050	0,025	1,00977
0051	0,0255	-0,91453
0052	0,026	1,01465
0053	0,0265	-0,91453
0054	0,027	1,02686
0055	0,0275	-0,924298
0056	0,028	1,01954
0057	0,0285	-0,929182
0058	0,029	1,02198
0059	0,0295	-0,907204
0060	0,03	0,995116
0061	0,0305	-0,934066
0062	0,031	1,03175
0063	0,0315	-0,936508
0064	0,032	1,02442
0065	0,0325	-0,93895
0066	0,033	1,0464
0067	0,0335	-0,956044
0068	0,034	1,03175
0069	0,0345	-0,953602
0070	0,035	1,04884
0071	0,0355	-0,96337
0072	0,036	1,05372
0073	0,0365	-0,978022
0074	0,037	1,05372
0075	0,0375	-0,970696
0076	0,038	1,05861
0077	0,0385	-0,98779
0078	0,039	1,06105
0079	0,0395	-0,968254
0080	0,04	1,06593
0081	0,0405	-0,97558
0082	0,041	1,07326
0083	0,0415	-0,992674
0084	0,042	1,03419
0085	0,0425	-0,990232
0086	0,043	1,08547
0087	0,0435	-0,995116
0088	0,044	1,07814
0089	0,0445	-1,05128
0090	0,045	1,0928
0091	0,0455	-0,997558
0092	0,046	1,0928
0093	0,0465	-1,01221
0094	0,047	1,0928
0095	0,0475	-1,01221
0096	0,048	1,10745
0097	0,0485	-1,05372
0098	0,049	1,12454
0099	0,0495	-1,01709
0100	0,05	1,10745
0101	0,0505	-1,03419
0102	0,051	1,05861
0103	0,0515	-1,02442
0104	0,052	1,11966
0105	0,0525	-1,03175
0106	0,053	1,1221
0107	0,0535	-1,03907
0108	0,054	1,11722
0109	0,0545	-1,04151
0110	0,055	1,11233
0111	0,0555	-1,03907
0112	0,056	1,13675
0113	0,0565	-1,0464
0114	0,057	1,13919
0115	0,0575	-1,05372
0116	0,058	1,12943
0117	0,0585	-1,07326
0118	0,059	1,14408
0119	0,0595	-1,05128
0120	0,06	1,14164
0121	0,0605	-1,06105
0122	0,061	1,13675
0123	0,0615	-1,06105
0124	0,062	1,15385
0125	0,0625	-1,06349
0126	0,063	1,15873
0127	0,0635	-1,06105
0128	0,064	1,15385
0129	0,0645	-1,06349
0130	0,065	1,14164
0131	0,0655	-1,06105
0132	0,066	1,16361
0133	0,0665	-1,07326
0134	0,067	1,16361
0135	0,0675	-1,07814
0136	0,068	1,18071
0137	0,0685	-1,07082
0138	0,069	1,16117
0139	0,0695	-1,07326
0140	0,07	1,10989
0141	0,0705	-1,07082
0142	0,071	1,17094
0143	0,0715	-1,07814
0144	0,072	1,1685
0145	0,0725	-1,09524
0146	0,073	1,17338
0147	0,0735	-1,08059
0148	0,074	1,15629
0149	0,0745	-1,07814
0150	0,075	1,17338
0151	0,0755	-1,09524
0152	0,076	1,18315
0153	0,0765	-1,11477
0154	0,077	1,20269
0155	0,0775	-1,08791
0156	0,078	1,17338
0157	0,0785	-1,09035
0158	0,079	1,12943
0159	0,0795	-1,09768
0160	0,08	1,18559
0161	0,0805	-1,11477
0162	0,081	1,20513
0163	0,0815	-1,09524
0164	0,082	1,17827
0165	0,0825	-1,09524
0166	0,083	1,18315
0167	0,0835	-1,09768
0168	0,084	1,18559
0169	0,0845	-1,1221
0170	0,085	1,21001
0171	0,0855	-1,09524
0172	0,086	1,18559
0173	0,0865	-1,10501
0174	0,087	1,14408
0175	0,0875	-1,09768
0176	0,088	1,19536
0177	0,0885	-1,12454
0178	0,089	1,21734
0179	0,0895	-1,09524
0180	0,09	1,18315
0181	0,0905	-1,10256
0182	0,091	1,14896
0183	0,0915	-1,08303
0184	0,092	1,19292
0185	0,0925	-1,10989
0186	0,093	1,18559
0187	0,0935	-1,13187
0188	0,094	1,2149
0189	0,0945	-1,10256
0190	0,095	1,18315
0191	0,0955	-1,10989
0192	0,096	1,14652
0193	0,0965	-1,10745
0194	0,097	1,19292
0195	0,0975	-1,10012
0196	0,098	1,19292
0197	0,0985	-1,10256
0198	0,099	1,19048
0199	0,0995	-1,10501
0200	0,1	1,17338
0201	0,1005	-1,08547
0202	0,101	1,20269
0203	0,1015	-1,11233
0204	0,102	1,19536
0205	0,1025	-1,17094
0206	0,103	1,20757
0207	0,1035	-1,11233
0208	0,104	1,20269
0209	0,1045	-1,11477
0210	0,105	1,20513
0211	0,1055	-1,11477
0212	0,106	1,1978
0213	0,1065	-1,12698
0214	0,107	1,23443
0215	0,1075	-1,10745
0216	0,108	1,1978
0217	0,1085	-1,11477
0218	0,109	1,15385
0219	0,1095	-1,08791
0220	0,11	1,20513
0221	0,1105	-1,15385
0222	0,111	1,22222
0223	0,1115	-1,10745
0224	0,112	1,20269
0225	0,1125	-1,11966
0226	0,113	1,15385
0227	0,1135	-1,11477
0228	0,114	1,20757
0229	0,1145	-1,10745
0230	0,115	1,21734
0231	0,1155	-1,11722
0232	0,116	1,1978
0233	0,1165	-1,10989
0234	0,117	1,15873
0235	0,1175	-1,11233
0236	0,118	1,20513
0237	0,1185	-1,10501
0238	0,119	1,20269
0239	0,1195	-1,11722
0240	0,12	1,1978
0241	0,1205	-1,11477
0242	0,121	1,19292
0243	0,1215	-1,0928
0244	0,122	1,21001
0245	0,1225	-1,13187
0246	0,123	1,20269
0247	0,1235	-1,1685
0248	0,124	1,22955
0249	0,1245	-1,10989
0250	0,125	1,20269
0251	0,1255	-1,11233
0252	0,126	1,19292
0253	0,1265	-1,10012
0254	0,127	1,20757
0255	0,1275	-1,11966
0256	0,128	1,21001
0257	0,1285	-1,17338
0258	0,129	1,22222
0259	0,1295	-1,11722
0260	0,13	1,20024
0261	0,1305	-1,11722
0262	0,131	1,15385
0263	0,1315	-1,10012
0264	0,132	1,20757
0265	0,1325	-1,11722
0266	0,133	1,1978
0267	0,1335	-1,14408
0268	0,134	1,20513
0269	0,1345	-1,11477
0270	0,135	1,21001
0271	0,1355	-1,10256
0272	0,136	1,20513
0273	0,1365	-1,1221
0274	0,137	1,20513
0275	0,1375	-1,16117
0276	0,138	1,22466
0277	0,1385	-1,11477
0278	0,139	1,1978
0279	0,1395	-1,11966
0280	0,14	1,2149
0281	0,1405	-1,11966
0282	0,141	1,20513
0283	0,1415	-1,14408
0284	0,142	1,22711
0285	0,1425	-1,11477
0286	0,143	1,1978
0287	0,1435	-1,11477
0288	0,144	1,17338
0289	0,1445	-1,09035
0290	0,145	1,2149
0291	0,1455	-1,1221
0292	0,146	1,20513
0293	0,1465	-1,13919
0294	0,147	1,21001
0295	0,1475	-1,11233
0296	0,148	1,21245
0297	0,1485	-1,10256
0298	0,149	1,2149
0299	0,1495	-1,12698
0300	0,15	1,20269
0301	0,1505	-1,17827
0302	0,151	1,22222
0303	0,1515	-1,11966
0304	0,152	1,20757
0305	0,1525	-1,13187
0306	0,153	1,20024
0307	0,1535	-1,12943
0308	0,154	1,21245
0309	0,1545	-1,18315
0310	0,155	1,21001
0311	0,1555	-1,11722
0312	0,156	1,21245
0313	0,1565	-1,11233
0314	0,157	1,21001
0315	0,1575	-1,12454
0316	0,158	1,21001
0317	0,1585	-1,16361
0318	0,159	1,20513
0319	0,1595	-1,11722
0320	0,16	1,21001
0321	0,1605	-1,11722
0322	0,161	1,2149
0323	0,1615	-1,12454
0324	0,162	1,21001
0325	0,1625	-1,13431
0326	0,163	1,22955
0327	0,1635	-1,11722
0328	0,164	1,19536
0329	0,1645	-1,11477
0330	0,165	1,17094
0331	0,1655	-1,10501
0332	0,166	1,20513
0333	0,1665	-1,11722
0334	0,167	1,20269
0335	0,1675	-1,11477
0336	0,168	1,20513
0337	0,1685	-1,11722
0338	0,169	1,15385
0339	0,1695	-1,10745
0340	0,17	1,21001
0341	0,1705	-1,11233
0342	0,171	1,20024
0343	0,1715	-1,1221
0344	0,172	1,20757
0345	0,1725	-1,11233
0346	0,173	1,19292
0347	0,1735	-1,08791
0348	0,174	1,20757
0349	0,1745	-1,12698
0350	0,175	1,1978
0351	0,1755	-1,14164
0352	0,176	1,20513
0353	0,1765	-1,11233
0354	0,177	1,20269
0355	0,1775	-1,10501
0356	0,178	1,21001
0357	0,1785	-1,1221
0358	0,179	1,20513
0359	0,1795	-1,13675
0360	0,18	1,2149
0361	0,1805	-1,11477
0362	0,181	1,1978
0363	0,1815	-1,11966
0364	0,182	1,1514
0365	0,1825	-1,11966
0366	0,183	1,21001
0367	0,1835	-1,11477
0368	0,184	1,21001
0369	0,1845	-1,11966
0370	0,185	1,20024
0371	0,1855	-1,1221
0372	0,186	1,1978
0373	0,1865	-1,1221
0374	0,187	1,21245
0375	0,1875	-1,10989
0376	0,188	1,22955
0377	0,1885	-1,11966
0378	0,189	1,20513
0379	0,1895	-1,11233
0380	0,19	1,15873
0381	0,1905	-1,10256
0382	0,191	1,21245
0383	0,1915	-1,12454
0384	0,192	1,1978
0385	0,1925	-1,17827
0386	0,193	1,23443
0387	0,1935	-1,11966
0388	0,194	1,20757
0389	0,1945	-1,13187
0390	0,195	1,1978
0391	0,1955	-1,12943
0392	0,196	1,20757
0393	0,1965	-1,13919
0394	0,197	1,23687
0395	0,1975	-1,11722
0396	0,198	1,20513
0397	0,1985	-1,13187
0398	0,199	1,19292
0399	0,1995	-1,1221
0400	0,2	1,21001
0401	0,2005	-1,11722
0402	0,201	1,2149
0403	0,2015	-1,11722
0404	0,202	1,20269
0405	0,2025	-1,11966
0406	0,203	1,19292
0407	0,2035	-1,0928
0408	0,204	1,20757
0409	0,2045	-1,11233
0410	0,205	1,22466
0411	0,2055	-1,1221
0412	0,206	1,20269
0413	0,2065	-1,09524
0414	0,207	1,21245
0415	0,2075	-1,1221
0416	0,208	1,1978
0417	0,2085	-1,13187
0418	0,209	1,20513
0419	0,2095	-1,11477
0420	0,21	1,21001
0421	0,2105	-1,11477
0422	0,211	1,19292
0423	0,2115	-1,11966
0424	0,212	1,20513
0425	0,2125	-1,12943
0426	0,213	1,22955
0427	0,2135	-1,11477
0428	0,214	1,20024
0429	0,2145	-1,1221
0430	0,215	1,19292
0431	0,2155	-1,12454
0432	0,216	1,20513
0433	0,2165	-1,13187
0434	0,217	1,22222
0435	0,2175	-1,11477
0436	0,218	1,1978
0437	0,2185	-1,11477
0438	0,219	1,14896
0439	0,2195	-1,10745
0440	0,22	1,21245
0441	0,2205	-1,10989
0442	0,221	1,20269
0443	0,2215	-1,11966
0444	0,222	1,20269
0445	0,2225	-1,11233
0446	0,223	1,19048
0447	0,2235	-1,10256
0448	0,224	1,21734
0449	0,2245	-1,12454
0450	0,225	1,20024
0451	0,2255	-1,17338
0452	0,226	1,23199
0453	0,2265	-1,11233
0454	0,227	1,20513
0455	0,2275	-1,11966
0456	0,228	1,19048
0457	0,2285	-1,0928
0458	0,229	1,21245
0459	0,2295	-1,12698
0460	0,23	1,21001
0461	0,2305	-1,15629
0462	0,231	1,22222
0463	0,2315	-1,11722
0464	0,232	1,20757
0465	0,2325	-1,12454
0466	0,233	1,18071
0467	0,2335	-1,11477
0468	0,234	1,21245
0469	0,2345	-1,12943
0470	0,235	1,20757
0471	0,2355	-1,12454
0472	0,236	1,20757
0473	0,2365	-1,12454
0474	0,237	1,17827
0475	0,2375	-1,11722
0476	0,238	1,21734
0477	0,2385	-1,13919
0478	0,239	1,21245
0479	0,2395	-1,1514
0480	0,24	1,22222
0481	0,2405	-1,13431
0482	0,241	1,22222
0483	0,2415	-1,13675
0484	0,242	1,20513
0485	0,2425	-1,13919
0486	0,243	1,22955
0487	0,2435	-1,13919
0488	0,244	1,23687
0489	0,2445	-1,13919
0490	0,245	1,22955
0491	0,2455	-1,14896
0492	0,246	1,18559
0493	0,2465	-1,14652
0494	0,247	1,24664
0495	0,2475	-1,15629
0496	0,248	1,24664
0497	0,2485	-1,15629
0498	0,249	1,24176
0499	0,2495	-1,16117
0500	0,25	1,20024
0501	0,2505	-1,16606
0502	0,251	1,26129
0503	0,2515	-1,16361
0504	0,252	1,26618
0505	0,2525	-1,17094
0506	0,253	1,26618
0507	0,2535	-1,17582
0508	0,254	1,21734
0509	0,2545	-1,18071
0510	0,255	1,2735
0511	0,2555	-1,18559
0512	0,256	1,2735
0513	0,2565	-1,18803
0514	0,257	1,28083
0515	0,2575	-1,19048
0516	0,258	1,28327
0517	0,2585	-1,18071
0518	0,259	1,29304
0519	0,2595	-1,20757
0520	0,26	1,29792
0521	0,2605	-1,22711
0522	0,261	1,30769
0523	0,2615	-1,20757
0524	0,262	1,29792
0525	0,2625	-1,2149
0526	0,263	1,25397
0527	0,2635	-1,21978
0528	0,264	1,31502
0529	0,2645	-1,22222
0530	0,265	1,30525
0531	0,2655	-1,22711
0532	0,266	1,3199
0533	0,2665	-1,22222
0534	0,267	1,31258
0535	0,2675	-1,22711
0536	0,268	1,32967
0537	0,2685	-1,2442
0538	0,269	1,33211
0539	0,2695	-1,29548
0540	0,27	1,34921
0541	0,2705	-1,23932
0542	0,271	1,32967
0543	0,2715	-1,24908
0544	0,272	1,33455
0545	0,2725	-1,25641
0546	0,273	1,33455
0547	0,2735	-1,31013
0548	0,274	1,35165
0549	0,2745	-1,26129
0550	0,275	1,34432
0551	0,2755	-1,26862
0552	0,276	1,35409
0553	0,2765	-1,2735
0554	0,277	1,34188
0555	0,2775	-1,26129
0556	0,278	1,35165
0557	0,2785	-1,26129
0558	0,279	1,31746
0559	0,2795	-1,23687
0560	0,28	1,36142
0561	0,2805	-1,27106
0562	0,281	1,35409
0563	0,2815	-1,32234
0564	0,282	1,35897
0565	0,2825	-1,26862
0566	0,283	1,36874
0567	0,2835	-1,27595
0568	0,284	1,36386
0569	0,2845	-1,28083
0570	0,285	1,36874
0571	0,2855	-1,30281
0572	0,286	1,38584
0573	0,2865	-1,2735
0574	0,287	1,36386
0575	0,2875	-1,27595
0576	0,288	1,3199
0577	0,2885	-1,2735
0578	0,289	1,37363
0579	0,2895	-1,28327
0580	0,29	1,36874
0581	0,2905	-1,30769
0582	0,291	1,37607
0583	0,2915	-1,28083
0584	0,292	1,37851
0585	0,2925	-1,27595
0586	0,293	1,37851
0587	0,2935	-1,29304
0588	0,294	1,37851
0589	0,2945	-1,34432
0590	0,295	1,39316
0591	0,2955	-1,28327
0592	0,296	1,37607
0593	0,2965	-1,29548
0594	0,297	1,36874
0595	0,2975	-1,2906
0596	0,298	1,37851
0597	0,2985	-1,28816
0598	0,299	1,38095
0599	0,2995	-1,31258
0600	0,3	1,38339
0601	0,3005	-1,28571
0602	0,301	1,38584
0603	0,3015	-1,28083
0604	0,302	1,38339
0605	0,3025	-1,29792
0606	0,303	1,38828
0607	0,3035	-1,35165
0608	0,304	1,38584
0609	0,3045	-1,29304
0610	0,305	1,38828
0611	0,3055	-1,26862
0612	0,306	1,38339
0613	0,3065	-1,2906
0614	0,307	1,39072
0615	0,3075	-1,29548
0616	0,308	1,37607
0617	0,3085	-1,30525
0618	0,309	1,32967
0619	0,3095	-1,30037
0620	0,31	1,38828
0621	0,3105	-1,30281
0622	0,311	1,40293
0623	0,3115	-1,29548
0624	0,312	1,38095
0625	0,3125	-1,30037
0626	0,313	1,33211
0627	0,3135	-1,29792
0628	0,314	1,40049
0629	0,3145	-1,30525
0630	0,315	1,38339
0631	0,3155	-1,33944
0632	0,316	1,3956
0633	0,3165	-1,30037
0634	0,317	1,39072
0635	0,3175	-1,2906
0636	0,318	1,39805
0637	0,3185	-1,31013
0638	0,319	1,39316
0639	0,3195	-1,35653
0640	0,32	1,39805
0641	0,3205	-1,30037
0642	0,321	1,39805
0643	0,3215	-1,31258
0644	0,322	1,39805
0645	0,3225	-1,31258
0646	0,323	1,39805
0647	0,3235	-1,36386
0648	0,324	1,41758
0649	0,3245	-1,30769
0650	0,325	1,39072
0651	0,3255	-1,31258
0652	0,326	1,34188
0653	0,3265	-1,30769
0654	0,327	1,39805
0655	0,3275	-1,30525
0656	0,328	1,38828
0657	0,3285	-1,31502
0658	0,329	1,39072
0659	0,3295	-1,30525
0660	0,33	1,40293
0661	0,3305	-1,28816
0662	0,331	1,39805
0663	0,3315	-1,31502
0664	0,332	1,3956
0665	0,3325	-1,34676
0666	0,333	1,42002
0667	0,3335	-1,30281
0668	0,334	1,39316
0669	0,3345	-1,30769
0670	0,335	1,34188
0671	0,3355	-1,30525
0672	0,336	1,39805
0673	0,3365	-1,29792
0674	0,337	1,41026
0675	0,3375	-1,30525
0676	0,338	1,39316
0677	0,3385	-1,30281
0678	0,339	1,40537
0679	0,3395	-1,30769
0680	0,34	1,3956
0681	0,3405	-1,36142
0682	0,341	1,41758
0683	0,3415	-1,30769
0684	0,342	1,39316
0685	0,3425	-1,31258
0686	0,343	1,33455
0687	0,3435	-1,30525
0688	0,344	1,3956
0689	0,3445	-1,30769
0690	0,345	1,38584
0691	0,3455	-1,30525
0692	0,346	1,3956
0693	0,3465	-1,30037
0694	0,347	1,40293
0695	0,3475	-1,3199
0696	0,348	1,35409
0697	0,3485	-1,30769
0698	0,349	1,39805
0699	0,3495	-1,30525
0700	0,35	1,39805
0701	0,3505	-1,30037
0702	0,351	1,39072
0703	0,3515	-1,30769
0704	0,352	1,36874
0705	0,3525	-1,27839
0706	0,353	1,40293
0707	0,3535	-1,31258
0708	0,354	1,40049
0709	0,3545	-1,36142
0710	0,355	1,41758
0711	0,3555	-1,30769
0712	0,356	1,39316
0713	0,3565	-1,31502
0714	0,357	1,36386
0715	0,3575	-1,30281
0716	0,358	1,40293
0717	0,3585	-1,30037
0718	0,359	1,39316
0719	0,3595	-1,33455
0720	0,36	1,40049
0721	0,3605	-1,30525
0722	0,361	1,40049
0723	0,3615	-1,31746
0724	0,362	1,38339
0725	0,3625	-1,30769
0726	0,363	1,40049
0727	0,3635	-1,30281
0728	0,364	1,40537
0729	0,3645	-1,31013
0730	0,365	1,39316
0731	0,3655	-1,31013
0732	0,366	1,34921
0733	0,3665	-1,30769
0734	0,367	1,40049
0735	0,3675	-1,3663
0736	0,368	1,40781
0737	0,3685	-1,31258
0738	0,369	1,38584
0739	0,3695	-1,28571
0740	0,37	1,40781
0741	0,3705	-1,31502
0742	0,371	1,39316
0743	0,3715	-1,34676
0744	0,372	1,3956
0745	0,3725	-1,31502
0746	0,373	1,40537
0747	0,3735	-1,31258
0748	0,374	1,40293
0749	0,3745	-1,3199
0750	0,375	1,39805
0751	0,3755	-1,30525
0752	0,376	1,40049
0753	0,3765	-1,35897
0754	0,377	1,40781
0755	0,3775	-1,30769
0756	0,378	1,39805
0757	0,3785	-1,32234
0758	0,379	1,39316
0759	0,3795	-1,31502
0760	0,38	1,40293
0761	0,3805	-1,30525
0762	0,381	1,41758
0763	0,3815	-1,31013
0764	0,382	1,3956
0765	0,3825	-1,30769
0766	0,383	1,35165
0767	0,3835	-1,28816
0768	0,384	1,40293
0769	0,3845	-1,30769
0770	0,385	1,3956
0771	0,3855	-1,3663
0772	0,386	1,40293
0773	0,3865	-1,30769
0774	0,387	1,40537
0775	0,3875	-1,31013
0776	0,388	1,3956
0777	0,3885	-1,31502
0778	0,389	1,40293
0779	0,3895	-1,30281
0780	0,39	1,40293
0781	0,3905	-1,36142
0782	0,391	1,40781
0783	0,3915	-1,31746
0784	0,392	1,40293
0785	0,3925	-1,30769
0786	0,393	1,40293
0787	0,3935	-1,30769
0788	0,394	1,3956
0789	0,3945	-1,30281
0790	0,395	1,3956
0791	0,3955	-1,31013
0792	0,396	1,3663
0793	0,3965	-1,2906
0794	0,397	1,40537
0795	0,3975	-1,31013
0796	0,398	1,40293
0797	0,3985	-1,31502
0798	0,399	1,40049
0799	0,3995	-1,3199
0800	0,4	1,40293
0801	0,4005	-1,30037
0802	0,401	1,40049
0803	0,4015	-1,31746
0804	0,402	1,38828
0805	0,4025	-1,36142
0806	0,403	1,40049
0807	0,4035	-1,3199
0808	0,404	1,41758
0809	0,4045	-1,30281
0810	0,405	1,3956
0811	0,4055	-1,30769
0812	0,406	1,38828
0813	0,4065	-1,30281
0814	0,407	1,3956
0815	0,4075	-1,30769
0816	0,408	1,40293
0817	0,4085	-1,31502
0818	0,409	1,39072
0819	0,4095	-1,3199
0820	0,41	1,34921
0821	0,4105	-1,29304
0822	0,411	1,34921
0823	0,4115	-1,29304
0824	0,412	1,37607
0825	0,4125	-1,28327
0826	0,413	1,40049
0827	0,4135	-1,31013
0828	0,414	1,40293
0829	0,4145	-1,31502
0830	0,415	1,40049
0831	0,4155	-1,31746
0832	0,416	1,39805
0833	0,4165	-1,31258
0834	0,417	1,40537
0835	0,4175	-1,30525
0836	0,418	1,40049
0837	0,4185	-1,34188
0838	0,419	1,39805
0839	0,4195	-1,35897
0840	0,42	1,42735
0841	0,4205	-1,31013
0842	0,421	1,40049
0843	0,4215	-1,30525
0844	0,422	1,39316
0845	0,4225	-1,30525
0846	0,423	1,40293
0847	0,4235	-1,31258
0848	0,424	1,36142
0849	0,4245	-1,28083
0850	0,425	1,40537
0851	0,4255	-1,30769
0852	0,426	1,40293
0853	0,4265	-1,31746
0854	0,427	1,40537
0855	0,4275	-1,31258
0856	0,428	1,40293
0857	0,4285	-1,33455
0858	0,429	1,39805
0859	0,4295	-1,35165
0860	0,43	1,41758
0861	0,4305	-1,33211
0862	0,431	1,42002
0863	0,4315	-1,30525
0864	0,432	1,40537
0865	0,4325	-1,30281
0866	0,433	1,39805
0867	0,4335	-1,30525
0868	0,434	1,3956
0869	0,4345	-1,30525
0870	0,435	1,40293
0871	0,4355	-1,31746
0872	0,436	1,39316
0873	0,4365	-1,29548
0874	0,437	1,40049
0875	0,4375	-1,28816
0876	0,438	1,40049
0877	0,4385	-1,31502
0878	0,439	1,40293
0879	0,4395	-1,31502
0880	0,44	1,39805
0881	0,4405	-1,31502
0882	0,441	1,40293
0883	0,4415	-1,31258
0884	0,442	1,40293
0885	0,4425	-1,3199
0886	0,443	1,40293
0887	0,4435	-1,31746
0888	0,444	1,40293
0889	0,4445	-1,31746
0890	0,445	1,40049
0891	0,4455	-1,30769
0892	0,446	1,39805
0893	0,4465	-1,35409
0894	0,447	1,39805
0895	0,4475	-1,33211
0896	0,448	1,42002
0897	0,4485	-1,31013
0898	0,449	1,39316
0899	0,4495	-1,31502
0900	0,45	1,3956
0901	0,4505	-1,30769
0902	0,451	1,41026
0903	0,4515	-1,3199
0904	0,452	1,3956
0905	0,4525	-1,29548
0906	0,453	1,4127
0907	0,4535	-1,31746
0908	0,454	1,40781
0909	0,4545	-1,31502
0910	0,455	1,41026
0911	0,4555	-1,37118
0912	0,456	1,43223
0913	0,4565	-1,37851
0914	0,457	1,42002
0915	0,4575	-1,337
0916	0,458	1,442
0917	0,4585	-1,39316
0918	0,459	1,44689
0919	0,4595	-1,33455
0920	0,46	1,43956
0921	0,4605	-1,34676
0922	0,461	1,42491
0923	0,4615	-1,33944
0924	0,462	1,45421
0925	0,4625	-1,34432
0926	0,463	1,43712
0927	0,4635	-1,34676
0928	0,464	1,442
0929	0,4645	-1,35165
0930	0,465	1,442
0931	0,4655	-1,35897
0932	0,466	1,45177
0933	0,4665	-1,3663
0934	0,467	1,42735
0935	0,4675	-1,3663
0936	0,468	1,41758
0937	0,4685	-1,33944
0938	0,469	1,45177
0939	0,4695	-1,35897
0940	0,47	1,46642
0941	0,4705	-1,37851
0942	0,471	1,47375
0943	0,4715	-1,38584
0944	0,472	1,47131
0945	0,4725	-1,39316
0946	0,473	1,47619
0947	0,4735	-1,38584
0948	0,474	1,48107
0949	0,4745	-1,39072
0950	0,475	1,48107
0951	0,4755	-1,39805
0952	0,476	1,48352
0953	0,4765	-1,40293
0954	0,477	1,4884
0955	0,4775	-1,4127
0956	0,478	1,4884
0957	0,4785	-1,40537
0958	0,479	1,49573
0959	0,4795	-1,40293
0960	0,48	1,49573
0961	0,4805	-1,42735
0962	0,481	1,49328
0963	0,4815	-1,45665
0964	0,482	1,49573
0965	0,4825	-1,46398
0966	0,483	1,52503
0967	0,4835	-1,43468
0968	0,484	1,52747
0969	0,4845	-1,42002
0970	0,485	1,50549
0971	0,4855	-1,42491
0972	0,486	1,50549
0973	0,4865	-1,42491
0974	0,487	1,50549
0975	0,4875	-1,42735
0976	0,488	1,51282
0977	0,4885	-1,42735
0978	0,489	1,50794
0979	0,4895	-1,42979
0980	0,49	1,52015
0981	0,4905	-1,42979
0982	0,491	1,52015
0983	0,4915	-1,442
0984	0,492	1,50061
0985	0,4925	-1,43956
0986	0,493	1,46886
0987	0,4935	-1,42002
0988	0,494	1,52747
0989	0,4945	-1,42979
0990	0,495	1,52747
0991	0,4955	-1,45177
0992	0,496	1,52991
0993	0,4965	-1,43956
0994	0,497	1,53236
0995	0,4975	-1,49084
0996	0,498	1,52747
0997	0,4985	-1,50305
0998	0,499	1,55922
0999	0,4995	-1,44689
1000	0,5	1,54457
1001	0,5005	-1,44933
1002	0,501	1,52991
1003	0,5015	-1,45177
1004	0,502	1,53724
1005	0,5025	-1,45665
1006	0,503	1,5348
1007	0,5035	-1,45665
1008	0,504	1,48596
1009	0,5045	-1,42735
1010	0,505	1,51038
1011	0,5055	-1,43468
1012	0,506	1,54945
1013	0,5065	-1,42979
1014	0,507	1,54701
1015	0,5075	-1,45421
1016	0,508	1,54945
1017	0,5085	-1,46154
1018	0,509	1,55189
1019	0,5095	-1,46154
1020	0,51	1,55189
1021	0,5105	-1,46398
1022	0,511	1,54945
1023	0,5115	-1,46642
1024	0,512	1,54701
1025	0,5125	-1,46886
1026	0,513	1,55922
1027	0,5135	-1,45665
1028	0,514	1,54945
1029	0,5145	-1,52747
1030	0,515	1,5812
1031	0,5155	-1,4591
1032	0,516	1,55433
1033	0,5165	-1,46642
1034	0,517	1,55189
1035	0,5175	-1,46154
1036	0,518	1,53724
1037	0,5185	-1,47131
1038	0,519	1,50549
1039	0,5195	-1,442
1040	0,52	1,55922
1041	0,5205	-1,45421
1042	0,521	1,56166
1043	0,5215	-1,47375
1044	0,522	1,56166
1045	0,5225	-1,47619
1046	0,523	1,5641
1047	0,5235	-1,47375
1048	0,524	1,5641
1049	0,5245	-1,4884
1050	0,525	1,55678
1051	0,5255	-1,52991
1052	0,526	1,57875
1053	0,5265	-1,48596
1054	0,527	1,58852
1055	0,5275	-1,47131
1056	0,528	1,55678
1057	0,5285	-1,46886
1058	0,529	1,5641
1059	0,5295	-1,47131
1060	0,53	1,56166
1061	0,5305	-1,47375
1062	0,531	1,55678
1063	0,5315	-1,47375
1064	0,532	1,56899
1065	0,5325	-1,47375
1066	0,533	1,56654
1067	0,5335	-1,47131
1068	0,534	1,52015
1069	0,5345	-1,4591
1070	0,535	1,55189
1071	0,5355	-1,47863
1072	0,536	1,57143
1073	0,5365	-1,47131
1074	0,537	1,56654
1075	0,5375	-1,4884
1076	0,538	1,56899
1077	0,5385	-1,47375
1078	0,539	1,56166
1079	0,5395	-1,52503
1080	0,54	1,56166
1081	0,5405	-1,5348
1082	0,541	1,59096
1083	0,5415	-1,49573
1084	0,542	1,59096
1085	0,5425	-1,47619
1086	0,543	1,56166
1087	0,5435	-1,47863
1088	0,544	1,56166
1089	0,5445	-1,47863
1090	0,545	1,56166
1091	0,5455	-1,47863
1092	0,546	1,57143
1093	0,5465	-1,47863
1094	0,547	1,57143
1095	0,5475	-1,49084
1096	0,548	1,52991
1097	0,5485	-1,48107
1098	0,549	1,5177
1099	0,5495	-1,46154
1100	0,55	1,56899
1101	0,5505	-1,46642
1102	0,551	1,57143
1103	0,5515	-1,48107
1104	0,552	1,56654
1105	0,5525	-1,48596
1106	0,553	1,56899
1107	0,5535	-1,4884
1108	0,554	1,56899
1109	0,5545	-1,48107
1110	0,555	1,56899
1111	0,5555	-1,52991
1112	0,556	1,56166
1113	0,5565	-1,54457
1114	0,557	1,5812
1115	0,5575	-1,47863
1116	0,558	1,56899
1117	0,5585	-1,4884
1118	0,559	1,56166
1119	0,5595	-1,47863
1120	0,56	1,56654
1121	0,5605	-1,4884
1122	0,561	1,54457
1123	0,5615	-1,4884
1124	0,562	1,52015
1125	0,5625	-1,45421
1126	0,563	1,56654
1127	0,5635	-1,47375
1128	0,564	1,56899
1129	0,5645	-1,49328
1130	0,565	1,56899
1131	0,5655	-1,49084
1132	0,566	1,57143
1133	0,5665	-1,48107
1134	0,567	1,57143
1135	0,5675	-1,49817
1136	0,568	1,56654
1137	0,5685	-1,5177
1138	0,569	1,58364
1139	0,5695	-1,48352
1140	0,57	1,59341
1141	0,5705	-1,48352
1142	0,571	1,56899
1143	0,5715	-1,48352
1144	0,572	1,56166
1145	0,5725	-1,48596
1146	0,573	1,56166
1147	0,5735	-1,47863
1148	0,574	1,56166
1149	0,5745	-1,47375
1150	0,575	1,57143
1151	0,5755	-1,48107
1152	0,576	1,57387
1153	0,5765	-1,48352
1154	0,577	1,55678
1155	0,5775	-1,49084
1156	0,578	1,51526
1157	0,5785	-1,46642
1158	0,579	1,5177
1159	0,5795	-1,45421
1160	0,58	1,56899
1161	0,5805	-1,48107
1162	0,581	1,57387
1163	0,5815	-1,48352
1164	0,582	1,57143
1165	0,5825	-1,48596
1166	0,583	1,57143
1167	0,5835	-1,48107
1168	0,584	1,57143
1169	0,5845	-1,47863
1170	0,585	1,5641
1171	0,5855	-1,51038
1172	0,586	1,56899
1173	0,5865	-1,5348
1174	0,587	1,58852
1175	0,5875	-1,48107
1176	0,588	1,56899
1177	0,5885	-1,47863
1178	0,589	1,56166
1179	0,5895	-1,47863
1180	0,59	1,56899
1181	0,5905	-1,48352
1182	0,591	1,56654
1183	0,5915	-1,48352
1184	0,592	1,52747
1185	0,5925	-1,48352
1186	0,593	1,52747
1187	0,5935	-1,45665
1188	0,594	1,53724
1189	0,5945	-1,45665
1190	0,595	1,57143
1191	0,5955	-1,48352
1192	0,596	1,57631
1193	0,5965	-1,48107
1194	0,597	1,57143
1195	0,5975	-1,4884
1196	0,598	1,56654
1197	0,5985	-1,48596
1198	0,599	1,57143
1199	0,5995	-1,47863
1200	0,6	1,56654
1201	0,6005	-1,47863
1202	0,601	1,56899
1203	0,6015	-1,49328
1204	0,602	1,5641
1205	0,6025	-1,53724
1206	0,603	1,58364
1207	0,6035	-1,52015
1208	0,604	1,59585
1209	0,6045	-1,47619
1210	0,605	1,56899
1211	0,6055	-1,48352
1212	0,606	1,56654
1213	0,6065	-1,48107
1214	0,607	1,55922
1215	0,6075	-1,47863
1216	0,608	1,56166
1217	0,6085	-1,47619
1218	0,609	1,56654
1219	0,6095	-1,46642
1220	0,61	1,5177
1221	0,6105	-1,48596
1222	0,611	1,52991
1223	0,6115	-1,46886
1224	0,612	1,55922
1225	0,6125	-1,46398
1226	0,613	1,57387
1227	0,6135	-1,4884
1228	0,614	1,5641
1229	0,6145	-1,48596
1230	0,615	1,57143
1231	0,6155	-1,47375
1232	0,616	1,56654
1233	0,6165	-1,52747
1234	0,617	1,59585
1235	0,6175	-1,50061
1236	0,618	1,58364
1237	0,6185	-1,47863
1238	0,619	1,57143
1239	0,6195	-1,48107
1240	0,62	1,5641
1241	0,6205	-1,47863
1242	0,621	1,5641
1243	0,6215	-1,48107
1244	0,622	1,52259
1245	0,6225	-1,47863
1246	0,623	1,5177
1247	0,6235	-1,45177
1248	0,624	1,53968
1249	0,6245	-1,46154
1250	0,625	1,57387
1251	0,6255	-1,47131
1252	0,626	1,5641
1253	0,6265	-1,47619
1254	0,627	1,56654
1255	0,6275	-1,48352
1256	0,628	1,57631
1257	0,6285	-1,48352
1258	0,629	1,56899
1259	0,6295	-1,49084
1260	0,63	1,57631
1261	0,6305	-1,47863
1262	0,631	1,57387
1263	0,6315	-1,48352
1264	0,632	1,57387
1265	0,6325	-1,47863
1266	0,633	1,57143
1267	0,6335	-1,4884
1268	0,634	1,56166
1269	0,6345	-1,50794
1270	0,635	1,56654
1271	0,6355	-1,52991
1272	0,636	1,58608
1273	0,6365	-1,53236
1274	0,637	1,58608
1275	0,6375	-1,51282
1276	0,638	1,58364
1277	0,6385	-1,54212
1278	0,639	1,57875
1279	0,6395	-1,47863
1280	0,64	1,59585
1281	0,6405	-1,53724
1282	0,641	1,59341
1283	0,6415	-1,47619
1284	0,642	1,58608
1285	0,6425	-1,50794
1286	0,643	1,5812
1287	0,6435	-1,47375
1288	0,644	1,56899
1289	0,6445	-1,47619
1290	0,645	1,55922
1291	0,6455	-1,47375
1292	0,646	1,57387
1293	0,6465	-1,48596
1294	0,647	1,5348
1295	0,6475	-1,47131
1296	0,648	1,54457
1297	0,6485	-1,45421
1298	0,649	1,57143
1299	0,6495	-1,48107
1300	0,65	1,57143
1301	0,6505	-1,48107
1302	0,651	1,57143
1303	0,6515	-1,47619
1304	0,652	1,56166
1305	0,6525	-1,49817
1306	0,653	1,5641
1307	0,6535	-1,53236
1308	0,654	1,58852
1309	0,6545	-1,51526
1310	0,655	1,59341
1311	0,6555	-1,47619
1312	0,656	1,58852
1313	0,6565	-1,47619
1314	0,657	1,56899
1315	0,6575	-1,47375
1316	0,658	1,57387
1317	0,6585	-1,47619
1318	0,659	1,56166
1319	0,6595	-1,47863
1320	0,66	1,5641
1321	0,6605	-1,47375
1322	0,661	1,57143
1323	0,6615	-1,4884
1324	0,662	1,54945
1325	0,6625	-1,48352
1326	0,663	1,53236
1327	0,6635	-1,47863
1328	0,664	1,52991
1329	0,6645	-1,4591
1330	0,665	1,55189
1331	0,6655	-1,46642
1332	0,666	1,57631
1333	0,6665	-1,48352
1334	0,667	1,58364
1335	0,6675	-1,4884
1336	0,668	1,57631
1337	0,6685	-1,49573
1338	0,669	1,58364
1339	0,6695	-1,4884
1340	0,67	1,58608
1341	0,6705	-1,49084
1342	0,671	1,58364
1343	0,6715	-1,51526
1344	0,672	1,5812
1345	0,6725	-1,54945
1346	0,673	1,60562
1347	0,6735	-1,55189
1348	0,674	1,61783
1349	0,6745	-1,49817
1350	0,675	1,59096
1351	0,6755	-1,50794
1352	0,676	1,58364
1353	0,6765	-1,51038
1354	0,677	1,60317
1355	0,6775	-1,52015
1356	0,678	1,55678
1357	0,6785	-1,50305
1358	0,679	1,59585
1359	0,6795	-1,5177
1360	0,68	1,61538
1361	0,6805	-1,52259
1362	0,681	1,61294
1363	0,6815	-1,5348
1364	0,682	1,62027
1365	0,6825	-1,53724
1366	0,683	1,62271
1367	0,6835	-1,53236
1368	0,684	1,63004
1369	0,6845	-1,54701
1370	0,685	1,62515
1371	0,6855	-1,57875
1372	0,686	1,63004
1373	0,6865	-1,59829
1374	0,687	1,6569
1375	0,6875	-1,55678
1376	0,688	1,66422
1377	0,6885	-1,54701
1378	0,689	1,6398
1379	0,6895	-1,55189
1380	0,69	1,6398
1381	0,6905	-1,55922
1382	0,691	1,6398
1383	0,6915	-1,55678
1384	0,692	1,64469
1385	0,6925	-1,55922
1386	0,693	1,65934
1387	0,6935	-1,56654
1388	0,694	1,6569
1389	0,6945	-1,57143
1390	0,695	1,62759
1391	0,6955	-1,56899
1392	0,696	1,6105
1393	0,6965	-1,5641
1394	0,697	1,6105
1395	0,6975	-1,55678
1396	0,698	1,6569
1397	0,6985	-1,57143
1398	0,699	1,67155
1399	0,6995	-1,57631
1400	0,7	1,67155
1401	0,7005	-1,5812
1402	0,701	1,67155
1403	0,7015	-1,58608
1404	0,702	1,67399
1405	0,7025	-1,59096
1406	0,703	1,67643
1407	0,7035	-1,59096
1408	0,704	1,68132
1409	0,7045	-1,5812
1410	0,705	1,67399
1411	0,7055	-1,62515
1412	0,706	1,70085
1413	0,7065	-1,58608
1414	0,707	1,67888
1415	0,7075	-1,59341
1416	0,708	1,67888
1417	0,7085	-1,58852
1418	0,709	1,68132
1419	0,7095	-1,59341
1420	0,71	1,69109
1421	0,7105	-1,59585
1422	0,711	1,69597
1423	0,7115	-1,60317
1424	0,712	1,64713
1425	0,7125	-1,60562
1426	0,713	1,63736
1427	0,7135	-1,58364
1428	0,714	1,64713
1429	0,7145	-1,57631
1430	0,715	1,69841
1431	0,7155	-1,60073
1432	0,716	1,70085
1433	0,7165	-1,60806
1434	0,717	1,69597
1435	0,7175	-1,61538
1436	0,718	1,7033
1437	0,7185	-1,60073
1438	0,719	1,69597
1439	0,7195	-1,60806
1440	0,72	1,69353
1441	0,7205	-1,65446
1442	0,721	1,69597
1443	0,7215	-1,6569
1444	0,722	1,71062
1445	0,7225	-1,61294
1446	0,723	1,70085
1447	0,7235	-1,61294
1448	0,724	1,69353
1449	0,7245	-1,61294
1450	0,725	1,69841
1451	0,7255	-1,61294
1452	0,726	1,69841
1453	0,7265	-1,61783
1454	0,727	1,69597
1455	0,7275	-1,61783
1456	0,728	1,70818
1457	0,7285	-1,62027
1458	0,729	1,70818
1459	0,7295	-1,62027
1460	0,73	1,65934
1461	0,7305	-1,59829
1462	0,731	1,70574
1463	0,7315	-1,62759
1464	0,732	1,71062
1465	0,7325	-1,64713
1466	0,733	1,7326
1467	0,7335	-1,62027
1468	0,734	1,70085
1469	0,7345	-1,62027
1470	0,735	1,67643
1471	0,7355	-1,58852
1472	0,736	1,71062
1473	0,7365	-1,63248
1474	0,737	1,70818
1475	0,7375	-1,67888
1476	0,738	1,72039
1477	0,7385	-1,63248
1478	0,739	1,69353
1479	0,7395	-1,60806
1480	0,74	1,71306
1481	0,7405	-1,62759
1482	0,741	1,71062
1483	0,7415	-1,65446
1484	0,742	1,73504
1485	0,7425	-1,62271
1486	0,743	1,70574
1487	0,7435	-1,61783
1488	0,744	1,65201
1489	0,7445	-1,61783
1490	0,745	1,71551
1491	0,7455	-1,61538
1492	0,746	1,70818
1493	0,7465	-1,62515
1494	0,747	1,7033
1495	0,7475	-1,63004
1496	0,748	1,70574
1497	0,7485	-1,62515
1498	0,749	1,71551
1499	0,7495	-1,67888
1500	0,75	1,73993
1501	0,7505	-1,62515
1502	0,751	1,70818
1503	0,7515	-1,63492
1504	0,752	1,6569
1505	0,7525	-1,62759
1506	0,753	1,71306
1507	0,7535	-1,62027
1508	0,754	1,7033
1509	0,7545	-1,63248
1510	0,755	1,70818
1511	0,7555	-1,62515
1512	0,756	1,71551
1513	0,7565	-1,63004
1514	0,757	1,71795
1515	0,7575	-1,63492
1516	0,758	1,71551
1517	0,7585	-1,62271
1518	0,759	1,70818
1519	0,7595	-1,64469
1520	0,76	1,71306
1521	0,7605	-1,62027
1522	0,761	1,71795
1523	0,7615	-1,63736
1524	0,762	1,69841
1525	0,7625	-1,62759
1526	0,763	1,71795
1527	0,7635	-1,62271
1528	0,764	1,7326
1529	0,7645	-1,63004
1530	0,765	1,70818
1531	0,7655	-1,62515
1532	0,766	1,66911
1533	0,7665	-1,60562
1534	0,767	1,71795
1535	0,7675	-1,63736
1536	0,768	1,70818
1537	0,7685	-1,67643
1538	0,769	1,71062
1539	0,7695	-1,62759
1540	0,77	1,72283
1541	0,7705	-1,63492
1542	0,771	1,71306
1543	0,7715	-1,6398
1544	0,772	1,71551
1545	0,7725	-1,67155
1546	0,773	1,73748
1547	0,7735	-1,62515
1548	0,774	1,71551
1549	0,7745	-1,63492
1550	0,775	1,66667
1551	0,7755	-1,62515
1552	0,776	1,71795
1553	0,7765	-1,62759
1554	0,777	1,71551
1555	0,7775	-1,63248
1556	0,778	1,71062
1557	0,7785	-1,63736
1558	0,779	1,7033
1559	0,7795	-1,63492
1560	0,78	1,71795
1561	0,7805	-1,66422
1562	0,781	1,74237
1563	0,7815	-1,63004
1564	0,782	1,7033
1565	0,7825	-1,64225
1566	0,783	1,71062
1567	0,7835	-1,63004
1568	0,784	1,71795
1569	0,7845	-1,63248
1570	0,785	1,7326
1571	0,7855	-1,63004
1572	0,786	1,71062
1573	0,7865	-1,63248
1574	0,787	1,66422
1575	0,7875	-1,62759
1576	0,788	1,71795
1577	0,7885	-1,64225
1578	0,789	1,72039
1579	0,7895	-1,62271
1580	0,79	1,70818
1581	0,7905	-1,62759
1582	0,791	1,67155
1583	0,7915	-1,61538
1584	0,792	1,71795
1585	0,7925	-1,63004
1586	0,793	1,71795
1587	0,7935	-1,6862
1588	0,794	1,71062
1589	0,7945	-1,63004
1590	0,795	1,71795
1591	0,7955	-1,62759
1592	0,796	1,71551
1593	0,7965	-1,63004
1594	0,797	1,72039
1595	0,7975	-1,66667
1596	0,798	1,74481
1597	0,7985	-1,62759
1598	0,799	1,71062
1599	0,7995	-1,62759
1600	0,8	1,67399
1601	0,8005	-1,59829
1602	0,801	1,71795
1603	0,8015	-1,63248
1604	0,802	1,71795
1605	0,8025	-1,67155
1606	0,803	1,71306
1607	0,8035	-1,62515
1608	0,804	1,72039
1609	0,8045	-1,59585
1610	0,805	1,72039
1611	0,8055	-1,63248
1612	0,806	1,71306
1613	0,8065	-1,62515
1614	0,807	1,71551
1615	0,8075	-1,62759
1616	0,808	1,71795
1617	0,8085	-1,64225
1618	0,809	1,65934
1619	0,8095	-1,63492
1620	0,81	1,71795
1621	0,8105	-1,63736
1622	0,811	1,70818
1623	0,8115	-1,63004
1624	0,812	1,72039
1625	0,8125	-1,63004
1626	0,813	1,71062
1627	0,8135	-1,62271
1628	0,814	1,71795
1629	0,8145	-1,63492
1630	0,815	1,72283
1631	0,8155	-1,67155
1632	0,816	1,73993
1633	0,8165	-1,63004
1634	0,817	1,71551
1635	0,8175	-1,63004
1636	0,818	1,70574
1637	0,8185	-1,63492
1638	0,819	1,72039
1639	0,8195	-1,64713
1640	0,82	1,74237
1641	0,8205	-1,63004
1642	0,821	1,70818
1643	0,8215	-1,63004
1644	0,822	1,69353
1645	0,8225	-1,62515
1646	0,823	1,72039
1647	0,8235	-1,62515
1648	0,824	1,71062
1649	0,8245	-1,67643
1650	0,825	1,7326
1651	0,8255	-1,62271
1652	0,826	1,71306
1653	0,8265	-1,63736
1654	0,827	1,68864
1655	0,8275	-1,62759
1656	0,828	1,71795
1657	0,8285	-1,68132
1658	0,829	1,72039
1659	0,8295	-1,62271
1660	0,83	1,72039
1661	0,8305	-1,62271
1662	0,831	1,71306
1663	0,8315	-1,63248
1664	0,832	1,72039
1665	0,8325	-1,64957
1666	0,833	1,73504
1667	0,8335	-1,62515
1668	0,834	1,71062
1669	0,8345	-1,63004
1670	0,835	1,67155
1671	0,8355	-1,63004
1672	0,836	1,71551
1673	0,8365	-1,62271
1674	0,837	1,73016
1675	0,8375	-1,61783
1676	0,838	1,70818
1677	0,8385	-1,63004
1678	0,839	1,66667
1679	0,8395	-1,60806
1680	0,84	1,72283
1681	0,8405	-1,63248
1682	0,841	1,71795
1683	0,8415	-1,63736
1684	0,842	1,72283
1685	0,8425	-1,62027
1686	0,843	1,71062
1687	0,8435	-1,62027
1688	0,844	1,71551
1689	0,8445	-1,60806
1690	0,845	1,72039
1691	0,8455	-1,63492
1692	0,846	1,71795
1693	0,8465	-1,64469
1694	0,847	1,73748
1695	0,8475	-1,62271
1696	0,848	1,70818
1697	0,8485	-1,62515
1698	0,849	1,68376
1699	0,8495	-1,60562
1700	0,85	1,71551
1701	0,8505	-1,63492
1702	0,851	1,71551
1703	0,8515	-1,66178
1704	0,852	1,71306
1705	0,8525	-1,63004
1706	0,853	1,72039
1707	0,8535	-1,63736
1708	0,854	1,71795
1709	0,8545	-1,63004
1710	0,855	1,71551
1711	0,8555	-1,63248
1712	0,856	1,72039
1713	0,8565	-1,64225
1714	0,857	1,73016
1715	0,8575	-1,63004
1716	0,858	1,71062
1717	0,8585	-1,62759
1718	0,859	1,68376
1719	0,8595	-1,6105
1720	0,86	1,72039
1721	0,8605	-1,63736
1722	0,861	1,72039
1723	0,8615	-1,67399
1724	0,862	1,73748
1725	0,8625	-1,62515
1726	0,863	1,70818
1727	0,8635	-1,63004
1728	0,864	1,7033
1729	0,8645	-1,60562
1730	0,865	1,72039
1731	0,8655	-1,63736
1732	0,866	1,71795
1733	0,8665	-1,67399
1734	0,867	1,71551
1735	0,8675	-1,63492
1736	0,868	1,72039
1737	0,8685	-1,62271
1738	0,869	1,71795
1739	0,8695	-1,63736
1740	0,87	1,71795
1741	0,8705	-1,66422
1742	0,871	1,73748
1743	0,8715	-1,62759
1744	0,872	1,71062
1745	0,8725	-1,63736
1746	0,873	1,66422
1747	0,8735	-1,62027
1748	0,874	1,71551
1749	0,8745	-1,63492
1750	0,875	1,71795
1751	0,8755	-1,6569
1752	0,876	1,72039
1753	0,8765	-1,63492
1754	0,877	1,71062
1755	0,8775	-1,63736
1756	0,878	1,69109
1757	0,8785	-1,63004
1758	0,879	1,71795
1759	0,8795	-1,63004
1760	0,88	1,71795
1761	0,8805	-1,66911
1762	0,881	1,72039
1763	0,8815	-1,63736
1764	0,882	1,72772
1765	0,8825	-1,62515
1766	0,883	1,73016
1767	0,8835	-1,65201
1768	0,884	1,72772
1769	0,8845	-1,69597
1770	0,885	1,74237
1771	0,8855	-1,6398
1772	0,886	1,72527
1773	0,8865	-1,65446
1774	0,887	1,69597
1775	0,8875	-1,65201
1776	0,888	1,73993
1777	0,8885	-1,6569
1778	0,889	1,74237
1779	0,8895	-1,65201
1780	0,89	1,73748
1781	0,8905	-1,65201
1782	0,891	1,73993
1783	0,8915	-1,66178
1784	0,892	1,69353
1785	0,8925	-1,63248
1786	0,893	1,75458
1787	0,8935	-1,66178
1788	0,894	1,74725
1789	0,8945	-1,71062
1790	0,895	1,75702
1791	0,8955	-1,66422
1792	0,896	1,75946
1793	0,8965	-1,67155
1794	0,897	1,75702
1795	0,8975	-1,67399
1796	0,898	1,76679
1797	0,8985	-1,67155
1798	0,899	1,78144
1799	0,8995	-1,67155
1800	0,9	1,76435
1801	0,9005	-1,67643
1802	0,901	1,72283
1803	0,9015	-1,68864
1804	0,902	1,779
1805	0,9025	-1,73016
1806	0,903	1,80586
1807	0,9035	-1,6862
1808	0,904	1,77411
1809	0,9045	-1,69353
1810	0,905	1,76679
1811	0,9055	-1,69597
1812	0,906	1,78877
1813	0,9065	-1,69353
1814	0,907	1,77656
1815	0,9075	-1,7033
1816	0,908	1,80342
1817	0,9085	-1,69597
1818	0,909	1,77656
1819	0,9095	-1,69841
1820	0,91	1,78877
1821	0,9105	-1,67643
1822	0,911	1,79121
1823	0,9115	-1,70818
1824	0,912	1,79609
1825	0,9125	-1,70574
1826	0,913	1,79853
1827	0,9135	-1,70818
1828	0,914	1,79853
1829	0,9145	-1,7033
1830	0,915	1,79853
1831	0,9155	-1,70085
1832	0,916	1,80342
1833	0,9165	-1,71551
1834	0,917	1,80586
1835	0,9175	-1,72039
1836	0,918	1,82051
1837	0,9185	-1,71551
1838	0,919	1,80098
1839	0,9195	-1,71306
1840	0,92	1,81074
1841	0,9205	-1,72283
1842	0,921	1,80342
1843	0,9215	-1,72039
1844	0,922	1,81074
1845	0,9225	-1,74725
1846	0,923	1,81807
1847	0,9235	-1,71551
1848	0,924	1,8083
1849	0,9245	-1,71551
1850	0,925	1,81807
1851	0,9255	-1,71795
1852	0,926	1,79365
1853	0,9265	-1,72772
1854	0,927	1,81319
1855	0,9275	-1,72039
1856	0,928	1,81074
1857	0,9285	-1,77411
1858	0,929	1,82295
1859	0,9295	-1,72283
1860	0,93	1,81807
1861	0,9305	-1,7326
1862	0,931	1,81319
1863	0,9315	-1,72772
1864	0,932	1,82295
1865	0,9325	-1,78388
1866	0,933	1,81074
1867	0,9335	-1,72772
1868	0,934	1,82295
1869	0,9345	-1,71062
1870	0,935	1,82295
1871	0,9355	-1,73504
1872	0,936	1,82051
1873	0,9365	-1,76679
1874	0,937	1,84249
1875	0,9375	-1,73504
1876	0,938	1,81074
1877	0,9385	-1,73748
1878	0,939	1,77167
1879	0,9395	-1,71551
1880	0,94	1,82295
1881	0,9405	-1,74237
1882	0,941	1,82784
1883	0,9415	-1,7326
1884	0,942	1,84493
1885	0,9425	-1,73016
1886	0,943	1,82295
1887	0,9435	-1,7326
1888	0,944	1,80098
1889	0,9445	-1,71306
1890	0,945	1,83272
1891	0,9455	-1,73993
1892	0,946	1,83272
1893	0,9465	-1,79609
1894	0,947	1,8547
1895	0,9475	-1,73748
1896	0,948	1,82784
1897	0,9485	-1,74237
1898	0,949	1,77656
1899	0,9495	-1,73016
1900	0,95	1,83272
1901	0,9505	-1,73993
1902	0,951	1,82295
1903	0,9515	-1,77411
1904	0,952	1,83516
1905	0,9525	-1,73504
1906	0,953	1,83272
1907	0,9535	-1,74725
1908	0,954	1,779
1909	0,9545	-1,73504
1910	0,955	1,83516
1911	0,9555	-1,74969
1912	0,956	1,83761
1913	0,9565	-1,78877
1914	0,957	1,85714
1915	0,9575	-1,73993
1916	0,958	1,82784
1917	0,9585	-1,73748
1918	0,959	1,82051
1919	0,9595	-1,71795
1920	0,96	1,84005
1921	0,9605	-1,74725
1922	0,961	1,83272
1923	0,9615	-1,79121
1924	0,962	1,8547
1925	0,9625	-1,74481
1926	0,963	1,84005
1927	0,9635	-1,7326
1928	0,964	1,83761
1929	0,9645	-1,74969
1930	0,965	1,83761
1931	0,9655	-1,80098
1932	0,966	1,85226
1933	0,9665	-1,74725
1934	0,967	1,82784
1935	0,9675	-1,74969
1936	0,968	1,79609
1937	0,9685	-1,74969
1938	0,969	1,83516
1939	0,9695	-1,74237
1940	0,97	1,83272
1941	0,9705	-1,78144
1942	0,971	1,83028
1943	0,9715	-1,75214
1944	0,972	1,83028
1945	0,9725	-1,7619
1946	0,973	1,79609
1947	0,9735	-1,75214
1948	0,974	1,83761
1949	0,9745	-1,75214
1950	0,975	1,8254
1951	0,9755	-1,75214
1952	0,976	1,83516
1953	0,9765	-1,74725
1954	0,977	1,84005
1955	0,9775	-1,75214
1956	0,978	1,8254
1957	0,9785	-1,75702
1958	0,979	1,84249
1959	0,9795	-1,78877
1960	0,98	1,86447
1961	0,9805	-1,74725
1962	0,981	1,82784
1963	0,9815	-1,75458
1964	0,982	1,77656
1965	0,9825	-1,73993
1966	0,983	1,84005
1967	0,9835	-1,74969
1968	0,984	1,83028
1969	0,9845	-1,80342
1970	0,985	1,85958
1971	0,9855	-1,74237
1972	0,986	1,8254
1973	0,9865	-1,74481
1974	0,987	1,78877
1975	0,9875	-1,74481
1976	0,988	1,83516
1977	0,9885	-1,73993
1978	0,989	1,83761
1979	0,9895	-1,7619
1980	0,99	1,85958
1981	0,9905	-1,73993
1982	0,991	1,82784
1983	0,9915	-1,74969
1984	0,992	1,78632
1985	0,9925	-1,74481
1986	0,993	1,83272
1987	0,9935	-1,74481
1988	0,994	1,84005
1989	0,9945	-1,73504
1990	0,995	1,83516
1991	0,9955	-1,74725
1992	0,996	1,80342
1993	0,9965	-1,71795
1994	0,997	1,84005
1995	0,9975	-1,75214
1996	0,998	1,83272
1997	0,9985	-1,79365
1998	0,999	1,85714
1999	0,9995	-1,73993
2000	1	1,8254