1,0
32402.38,16.965060,2.063218e-3,1.2299e-7 ,0.13729e-10,-0.3651e-14 ,0,0,0,0.22555,-4.77e-5,0.76E-8,0,0,0,0,0,0
35390.95,16.129332,2.045047e-3,1.01114E-7,0.0589E-10, -1.332E-14  ,0,0,0,0.2161 ,-4.62e-5,1.05E-8,0,0,0,0,0,0
38184.05,15.286447,2.04786e-3 ,0.9221e-7 ,0.4494e-10,        0     ,0,0,0,0.2066 ,-4.39E-5,0.7E-8 ,0,0,0,0,0,0
40777.60,14.42222 ,2.06501e-3 ,0.016E-7  , 0        ,        0     ,0,0,0,0.1975 ,-3.3E-5 ,0.7E-8 ,0,0,0,0,0,0
43163.22,13.5172  ,2.138E-3   ,     0    , 0        ,        0     ,0,0,0,0.178  ,      0 ,    0  ,0,0,0,0,0,0
45325.6542,12.543 ,2.41e-3    ,     0    , 0        ,        0     ,0,0,0,0.161  ,      0 ,    0  ,0,0,0,0,0,0
47241.6362,11.4302  ,2.701e-3   ,     0    , 0        ,        0     ,0,0,0,0.144  ,      0,     0  ,0,0,0,0,0,0
48866.1142,10.117   ,4.26e-3    , 8.5E-6   , 0        ,        0     ,0,0,0,0.128  ,      0,     0  ,0,0,0,0,0,0
50139.9212,8.3399   ,4.71e-3    ,-2.93e-6  , 0         ,        0    ,0,0,0,0.1557 ,      0 ,    0  ,0,0,0,0,0,0
50977.5362,5.9744   ,7.27E-3    ,-32.4e-6  , 0          ,       0    ,0,0,0,0.1889 ,      0 ,    0  ,0,0,0,0,0,0