1,0
0         ,18.53487379,1.908974e-3, 1.42915E-7,1.5167e-11,12.58E-16,-139.0508841,0,0,-0.1191965,2.326E-5 ,0.265E-8,0.235266126,-5.17115e-5,4.957e-9,-3.86932445e-2,1.474207E-5,-2.722e-9
3570.3542 ,17.82391653,1.870453E-3, 1.37917E-7,1.616E-11,17.46E-16 ,-139.320508 ,0,0,-0.1137661,2.304e-5 ,0.35E-8 ,0.2246767  ,-5.1446E-5 ,4.83e-9 ,-3.6939438e-2 ,1.4473E-5  ,-2.6385E-9
6975.09441,17.12246166,1.835718E-3, 1.31700E-7,1.693E-11,18.82E-16 ,-139.58693  ,0,0,-0.108189 ,2.245e-5 ,0       ,0.21392528 ,-5.1531e-5 ,4.80e-9 ,-3.5174208E-2 ,1.42277E-5 ,-2.5197e-9
10216.14944,16.4278983,1.805889E-3, 1.2422E-7 ,1.797E-11,19.3E-16  ,-139.84414  ,0,0,-0.102482 ,2.264e-5 ,0       ,0.2028392  ,-4.9943e-5 ,4.73e-7 ,-3.338788e-2  ,1.4014E-5  ,-2.429e-9
13294.610 ,15.7370    ,1.7825E-3  , 1.154e-7  ,1.88E-11 ,19.5E-16  ,-140.082    ,0,0,-0.0965   ,2.47e-5  ,0       ,0.1912     ,-5.133e-5  ,4.65e-9 ,-3.1561E-2    ,1.3924E-5  ,-2.29e-9
16210.586 ,15.0455    ,1.7668E-3  , 1.054E-7  ,1.98E-11 ,19.5E-16  ,-140.292    ,0,0,-0.0906   ,1.16e-5  ,0       ,0.1784     ,-5.123E-5  ,4.6e-9  ,-2.972E-2     ,1.3822E-5,-2.2E-9
18962.955 ,14.34855   ,1.7674E-3  , 0.9418E-7 ,2.08E-11 ,19.5E-16  ,-140.430    ,0,0,-0.0838   ,2.00e-5  ,0       ,0.1707     ,-5.113E-5  ,4.5e-9  ,-2.770E-2     ,1.3762E-5,-2.1e-9
21549.094 ,13.63950   ,1.7715e-3  , 0.8136e-7 ,2.18E-11 ,19.5E-16  ,-140.500    ,0,0,-0.0737   ,2.84e-5  ,0       ,0.1542     ,-5.103E-5  ,4.4e-9  ,-2.59E-2      ,1.3741E-5,-2.0e-9
23964.6410,12.908903  ,1.80091E-3  , 0.336E-7  ,2.3E-11 ,19.5E-16  ,-140.43057  ,0,0,-0.06687   ,3.48e-5  ,0      ,0.13635    ,-5.123E-5  ,4.3e-9  ,-2.3546E-2     ,1.422E-5,-1.9e-9
26202.4472,12.145252  ,1.85734E-3  , -0.184E-7 ,2.4E-11 ,19.5E-16  ,-140.14107    ,0,0,-0.05513 , 4.15e-5,0       ,0.11684    ,-5.113E-5  ,4.2e-9  ,-2.1156E-2     ,1.4337E-5,-1.8e-9
28252.5402,11.332467  ,1.9547e-3  , -0.986e-7 ,2.5E-11 ,19.5E-16  ,-139.5059    ,0,0,-0.04077   , 6.5e-5 ,0       ,0.09273    ,-5.103E-5  ,4.1e-9  ,-1.8498E-2      ,1.4111E-5,-1.7e-9