3049.113    ,  .0000
3049.135    ,  .0000
3049.156    ,  .0000
3049.177    ,  .0000
3049.199    ,  .0000
3049.22    ,  .0000
3049.242    ,  .0000
3049.263    ,  .0000
3049.284    ,  .0000
3049.306    ,  .0000
3049.327    ,  .0000
3049.349    ,  .0000
3049.37    ,  .0000
3049.392    ,  .0000
3049.413    ,  .0000
3049.435    ,  .0000
3049.456    ,  .0000
3049.477    ,  .0000
3049.499    ,  .0000
3049.52    ,  .0000
3049.542    ,  .0000
3049.563    ,  .0000
3049.584    ,  .0000
3049.606    ,  .0000
3049.627    ,  .0000
3049.649    ,  .0000
3049.67    ,  .0000
3049.692    ,  .0000
3049.713    ,  .0000
3049.734    ,  .0000
3049.756    ,  .0000
3049.777    ,  .0000
3049.799    ,  .0000
3049.82    ,  .0000
3049.842    ,  .0000
3049.863    ,  .0000
3049.885    ,  .0000
3049.906    ,  .0000
3049.927    ,  .0000
3049.949    ,  .0000
3049.97    ,  .0000
3049.992    ,  .0000
3050.013    ,  .0000
3050.034    ,  .0000
3050.056    ,  .0000
3050.077    ,  .0000
3050.099    ,  .0000
3050.12    ,  .0000
3050.142    ,  .0000
3050.163    ,  .0000
3050.185    ,  .0000
3050.206    ,  .0000
3050.227    ,  .0000
3050.249    ,  .0000
3050.27    ,  .0000
3050.292    ,  .0000
3050.313    ,  .0000
3050.334    ,  .0000
3050.356    ,  .0000
3050.377    ,  .0000
3050.399    ,  .0000
3050.42    ,  .0000
3050.442    ,  .0000
3050.463    ,  .0000
3050.484    ,  .0000
3050.506    ,  .0000
3050.527    ,  .0000
3050.549    ,  .0000
3050.57    ,  .0000
3050.592    ,  .0000
3050.613    ,  .0000
3050.635    ,  .0000
3050.656    ,  .0000
3050.677    ,  .0000
3050.699    ,  .0000
3050.72    ,  .0000
3050.742    ,  .0000
3050.763    ,  .0000
3050.784    ,  .0000
3050.806    ,  .0000
3050.827    ,  .0000
3050.849    ,  .0000
3050.87    ,  .0000
3050.892    ,  .0000
3050.913    ,  .0000
3050.935    ,  .0000
3050.956    ,  .0000
3050.977    ,  .0000
3050.999    ,  .0000
3051.02    ,  .0000
3051.042    ,  .0000
3051.063    ,  .0000
3051.084    ,  .0000
3051.106    ,  .0000
3051.127    ,  .0000
3051.149    ,  .0000
3051.17    ,  .0000
3051.192    ,  .0000
3051.213    ,  .0000
3051.234    ,  .0000
3051.256    ,  .0000
3051.277    ,  .0000
3051.299    ,  .0000
3051.32    ,  .0000
3051.342    ,  .0000
3051.363    ,  .0000
3051.385    ,  .0000
3051.406    ,  .0000
3051.427    ,  .0000
3051.449    ,  .0000
3051.47    ,  .0000
3051.492    ,  .0000
3051.513    ,  .0000
3051.534    ,  .0000
3051.556    ,  .0000
3051.577    ,  .0000
3051.599    ,  .0000
3051.62    ,  .0000
3051.642    ,  .0000
3051.663    ,  .0000
3051.685    ,  .0000
3051.706    ,  .0000
3051.727    ,  .0000
3051.749    ,  .0000
3051.77    ,  .0000
3051.792    ,  .0000
3051.813    ,  .0000
3051.834    ,  .0000
3051.856    ,  .0000
3051.877    ,  .0000
3051.899    ,  .0000
3051.92    ,  .0000
3051.942    ,  .0000
3051.963    ,  .0000
3051.984    ,  .0000
3052.006    ,  .0000
3052.027    ,  .0000
3052.049    ,  .0000
3052.07    ,  .0000
3052.092    ,  .0000
3052.113    ,  .0000
3052.135    ,  .0000
3052.156    ,  .0000
3052.177    ,  .0000
3052.199    ,  .0000
3052.22    ,  .0000
3052.242    ,  .0000
3052.263    ,  .0000
3052.284    ,  .0000
3052.306    ,  .0000
3052.327    ,  .0000
3052.349    ,  .0000
3052.37    ,  .0000
3052.392    ,  .0000
3052.413    ,  .0000
3052.435    ,  .0000
3052.456    ,  .0000
3052.477    ,  .0000
3052.499    ,  .0000
3052.52    ,  .0000
3052.542    ,  .0000
3052.563    ,  .0000
3052.584    ,  .0000
3052.606    ,  .0000
3052.627    ,  .0000
3052.649    ,  .0000
3052.67    ,  .0000
3052.692    ,  .0000
3052.713    ,  .0000
3052.734    ,  .0000
3052.756    ,  .0000
3052.777    ,  .0001
3052.799    ,  .0003
3052.82    ,  .0012
3052.842    ,  .0038
3052.863    ,  .0108
3052.885    ,  .0274
3052.906    ,  .0618
3052.927    ,  .1234
3052.949    ,  .2219
3052.97    ,  .3561
3052.992    ,  .5101
3053.013    ,  .6507
3053.034    ,  .7434
3053.056    ,  .7580
3053.077    ,  .6897
3053.099    ,  .5618
3053.12    ,  .4077
3053.142    ,  .2641
3053.163    ,  .1526
3053.185    ,  .0787
3053.206    ,  .0366
3053.227    ,  .0151
3053.249    ,  .0055
3053.27    ,  .0018
3053.292    ,  .0005
3053.313    ,  .0001
3053.334    ,  .0000
3053.356    ,  .0000
3053.377    ,  .0000
3053.399    ,  .0000
3053.42    ,  .0000
3053.442    ,  .0000
3053.463    ,  .0000
3053.484    ,  .0000
3053.506    ,  .0000
3053.527    ,  .0000
3053.549    ,  .0000
3053.57    ,  .0000
3053.592    ,  .0000
3053.613    ,  .0000
3053.635    ,  .0000
3053.656    ,  .0000
3053.677    ,  .0000
3053.699    ,  .0000
3053.72    ,  .0000
3053.742    ,  .0000
3053.763    ,  .0000
3053.784    ,  .0000
3053.806    ,  .0000
3053.827    ,  .0000
3053.849    ,  .0000
3053.87    ,  .0000
3053.892    ,  .0000
3053.913    ,  .0000
3053.935    ,  .0000
3053.956    ,  .0000
3053.977    ,  .0000
3053.999    ,  .0000
3054.02    ,  .0000
3054.042    ,  .0000
3054.063    ,  .0000
3054.084    ,  .0000
3054.106    ,  .0000
3054.127    ,  .0000
3054.149    ,  .0000
3054.17    ,  .0000
3054.192    ,  .0000
3054.213    ,  .0000
3054.234    ,  .0000
3054.256    ,  .0000
3054.277    ,  .0000
3054.299    ,  .0000
3054.32    ,  .0000
3054.342    ,  .0000
3054.363    ,  .0000
3054.385    ,  .0000
3054.406    ,  .0000
3054.427    ,  .0000
3054.449    ,  .0000
3054.47    ,  .0000
3054.492    ,  .0000
3054.513    ,  .0000
3054.534    ,  .0000
3054.556    ,  .0000
3054.577    ,  .0000
3054.599    ,  .0000
3054.62    ,  .0000
3054.642    ,  .0000
3054.663    ,  .0000
3054.685    ,  .0000
3054.706    ,  .0000
3054.727    ,  .0000
3054.749    ,  .0000
3054.77    ,  .0000
3054.792    ,  .0000
3054.813    ,  .0000
3054.834    ,  .0000
3054.856    ,  .0000
3054.877    ,  .0000
3054.899    ,  .0000
3054.92    ,  .0000
3054.942    ,  .0000
3054.963    ,  .0000
3054.984    ,  .0000
3055.006    ,  .0000
3055.027    ,  .0000
3055.049    ,  .0000
3055.07    ,  .0000
3055.092    ,  .0000
3055.113    ,  .0000
3055.135    ,  .0000
3055.156    ,  .0000
3055.177    ,  .0000
3055.199    ,  .0000
3055.22    ,  .0000
3055.242    ,  .0000
3055.263    ,  .0000
3055.284    ,  .0000
3055.306    ,  .0000
3055.327    ,  .0000
3055.349    ,  .0000
3055.37    ,  .0000
3055.392    ,  .0000
3055.413    ,  .0000
3055.435    ,  .0000
3055.456    ,  .0000
3055.477    ,  .0000
3055.499    ,  .0000
3055.52    ,  .0000
3055.542    ,  .0000
3055.563    ,  .0000
3055.584    ,  .0000
3055.606    ,  .0000
3055.627    ,  .0000
3055.649    ,  .0000
3055.67    ,  .0000
3055.692    ,  .0000
3055.713    ,  .0000
3055.734    ,  .0000
3055.756    ,  .0000
3055.777    ,  .0000
3055.799    ,  .0000
3055.82    ,  .0000
3055.842    ,  .0000
3055.863    ,  .0000
3055.885    ,  .0000
3055.906    ,  .0000
3055.927    ,  .0000
3055.949    ,  .0000
3055.97    ,  .0000
3055.992    ,  .0000
3056.013    ,  .0000
3056.034    ,  .0000
3056.056    ,  .0000
3056.077    ,  .0000
3056.099    ,  .0000
3056.12    ,  .0000
3056.142    ,  .0000
3056.163    ,  .0000
3056.185    ,  .0000
3056.206    ,  .0000
3056.227    ,  .0000
3056.249    ,  .0000
3056.27    ,  .0000
3056.292    ,  .0000
3056.313    ,  .0000
3056.334    ,  .0000
3056.356    ,  .0000
3056.377    ,  .0000
3056.399    ,  .0000
3056.42    ,  .0000
3056.442    ,  .0000
3056.463    ,  .0000
3056.484    ,  .0000
3056.506    ,  .0000
3056.527    ,  .0000
3056.549    ,  .0000
3056.57    ,  .0000
3056.592    ,  .0000
3056.613    ,  .0000
3056.635    ,  .0000
3056.656    ,  .0000
3056.677    ,  .0000
3056.699    ,  .0000
3056.72    ,  .0000
3056.742    ,  .0000
3056.763    ,  .0000
3056.784    ,  .0000
3056.806    ,  .0000
3056.827    ,  .0000
3056.849    ,  .0000
3056.87    ,  .0000
3056.892    ,  .0000
3056.913    ,  .0000
3056.935    ,  .0000
3056.956    ,  .0000
3056.977    ,  .0000
3056.999    ,  .0000
3057.02    ,  .0000
3057.042    ,  .0000
3057.063    ,  .0000
3057.084    ,  .0000
3057.106    ,  .0000
3057.127    ,  .0000
3057.149    ,  .0000
3057.17    ,  .0000
3057.192    ,  .0000
3057.213    ,  .0000
3057.234    ,  .0000
3057.256    ,  .0000
3057.277    ,  .0000
3057.299    ,  .0000
3057.32    ,  .0000
3057.342    ,  .0000
3057.363    ,  .0000
3057.385    ,  .0000
3057.406    ,  .0000
3057.427    ,  .0000
3057.449    ,  .0001
3057.47    ,  .0006
3057.492    ,  .0020
3057.513    ,  .0064
3057.534    ,  .0183
3057.556    ,  .0470
3057.577    ,  .1077
3057.599    ,  .2184
3057.62    ,  .3989
3057.642    ,  .6502
3057.663    ,  .9459
3057.685    ,  1.2282
3057.706    ,  1.4217
3057.727    ,  1.4722
3057.749    ,  1.3606
3057.77    ,  1.1222
3057.792    ,  .8295
3057.813    ,  .5457
3057.834    ,  .3203
3057.856    ,  .1678
3057.877    ,  .0785
3057.899    ,  .0331
3057.92    ,  .0123
3057.942    ,  .0041
3057.963    ,  .0012
3057.984    ,  .0003
3058.006    ,  .0001
3058.027    ,  .0000
3058.049    ,  .0000
3058.07    ,  .0000
3058.092    ,  .0000
3058.113    ,  .0000
3058.135    ,  .0000
3058.156    ,  .0000
3058.177    ,  .0000
3058.199    ,  .0000
3058.22    ,  .0000
3058.242    ,  .0000
3058.263    ,  .0000
3058.284    ,  .0000
3058.306    ,  .0000
3058.327    ,  .0000
3058.349    ,  .0000
3058.37    ,  .0000
3058.392    ,  .0000
3058.413    ,  .0000
3058.435    ,  .0000
3058.456    ,  .0000
3058.477    ,  .0000
3058.499    ,  .0000
3058.52    ,  .0000
3058.542    ,  .0000
3058.563    ,  .0000
3058.584    ,  .0000
3058.606    ,  .0000
3058.627    ,  .0000
3058.649    ,  .0000
3058.67    ,  .0000
3058.692    ,  .0000
3058.713    ,  .0000
3058.734    ,  .0000
3058.756    ,  .0000
3058.777    ,  .0000
3058.799    ,  .0000
3058.82    ,  .0000
3058.842    ,  .0000
3058.863    ,  .0000
3058.885    ,  .0000
3058.906    ,  .0000
3058.927    ,  .0000
3058.949    ,  .0000
3058.97    ,  .0000
3058.992    ,  .0000
3059.013    ,  .0000
3059.034    ,  .0000
3059.056    ,  .0000
3059.077    ,  .0000
3059.099    ,  .0000
3059.12    ,  .0000
3059.142    ,  .0000
3059.163    ,  .0000
3059.185    ,  .0000
3059.206    ,  .0000
3059.227    ,  .0000
3059.249    ,  .0000
3059.27    ,  .0000
3059.292    ,  .0000
3059.313    ,  .0000
3059.334    ,  .0000
3059.356    ,  .0000
3059.377    ,  .0000
3059.399    ,  .0000
3059.42    ,  .0000
3059.442    ,  .0000
3059.463    ,  .0000
3059.484    ,  .0000
3059.506    ,  .0000
3059.527    ,  .0000
3059.549    ,  .0000
3059.57    ,  .0000
3059.592    ,  .0000
3059.613    ,  .0000
3059.635    ,  .0000
3059.656    ,  .0000
3059.677    ,  .0000
3059.699    ,  .0000
3059.72    ,  .0000
3059.742    ,  .0000
3059.763    ,  .0000
3059.784    ,  .0000
3059.806    ,  .0000
3059.827    ,  .0000
3059.849    ,  .0000
3059.87    ,  .0000
3059.892    ,  .0000
3059.913    ,  .0000
3059.935    ,  .0000
3059.956    ,  .0000
3059.977    ,  .0000
3059.999    ,  .0000
3060.02    ,  .0000
3060.042    ,  .0000
3060.063    ,  .0000
3060.084    ,  .0000
3060.106    ,  .0000
3060.127    ,  .0000
3060.149    ,  .0000
3060.17    ,  .0000
3060.192    ,  .0000
3060.213    ,  .0000
3060.234    ,  .0000
3060.256    ,  .0000
3060.277    ,  .0000
3060.299    ,  .0000
3060.32    ,  .0000
3060.342    ,  .0000
3060.363    ,  .0000
3060.385    ,  .0000
3060.406    ,  .0000
3060.427    ,  .0000
3060.449    ,  .0000
3060.47    ,  .0000
3060.492    ,  .0000
3060.513    ,  .0000
3060.534    ,  .0000
3060.556    ,  .0000
3060.577    ,  .0000
3060.599    ,  .0000
3060.62    ,  .0000
3060.642    ,  .0000
3060.663    ,  .0000
3060.685    ,  .0000
3060.706    ,  .0000
3060.727    ,  .0000
3060.749    ,  .0000
3060.77    ,  .0000
3060.792    ,  .0000
3060.813    ,  .0000
3060.834    ,  .0000
3060.856    ,  .0000
3060.877    ,  .0000
3060.899    ,  .0000
3060.92    ,  .0000
3060.942    ,  .0000
3060.963    ,  .0000
3060.984    ,  .0000
3061.006    ,  .0000
3061.027    ,  .0000
3061.049    ,  .0000
3061.07    ,  .0000
3061.092    ,  .0000
3061.113    ,  .0000
3061.135    ,  .0000
3061.156    ,  .0000
3061.177    ,  .0000
3061.199    ,  .0000
3061.22    ,  .0000
3061.242    ,  .0000
3061.263    ,  .0000
3061.284    ,  .0000
3061.306    ,  .0000
3061.327    ,  .0000
3061.349    ,  .0000
3061.37    ,  .0000
3061.392    ,  .0000
3061.413    ,  .0000
3061.435    ,  .0000
3061.456    ,  .0000
3061.477    ,  .0000
3061.499    ,  .0000
3061.52    ,  .0000
3061.542    ,  .0000
3061.563    ,  .0000
3061.584    ,  .0000
3061.606    ,  .0000
3061.627    ,  .0000
3061.649    ,  .0000
3061.67    ,  .0000
3061.692    ,  .0000
3061.713    ,  .0000
3061.734    ,  .0000
3061.756    ,  .0000
3061.777    ,  .0000
3061.799    ,  .0000
3061.82    ,  .0000
3061.842    ,  .0000
3061.863    ,  .0000
3061.885    ,  .0000
3061.906    ,  .0000
3061.927    ,  .0000
3061.949    ,  .0000
3061.97    ,  .0000
3061.992    ,  .0000
3062.013    ,  .0000
3062.034    ,  .0000
3062.056    ,  .0000
3062.077    ,  .0000
3062.099    ,  .0000
3062.12    ,  .0000
3062.142    ,  .0000
3062.163    ,  .0000
3062.185    ,  .0000
3062.206    ,  .0000
3062.227    ,  .0000
3062.249    ,  .0002
3062.27    ,  .0008
3062.292    ,  .0028
3062.313    ,  .0088
3062.334    ,  .0250
3062.356    ,  .0631
3062.377    ,  .1426
3062.399    ,  .2852
3062.42    ,  .5135
3062.442    ,  .8253
3062.463    ,  1.1837
3062.484    ,  1.5119
3062.506    ,  1.7295
3062.527    ,  1.7656
3062.549    ,  1.6087
3062.57    ,  1.3120
3062.592    ,  .9534
3062.613    ,  .6183
3062.635    ,  .3579
3062.656    ,  .1849
3062.677    ,  .0860
3062.699    ,  .0354
3062.72    ,  .0130
3062.742    ,  .0043
3062.763    ,  .0013
3062.784    ,  .0003
3062.806    ,  .0001
3062.827    ,  .0000
3062.849    ,  .0000
3062.87    ,  .0000
3062.892    ,  .0000
3062.913    ,  .0000
3062.935    ,  .0000
3062.956    ,  .0000
3062.977    ,  .0000
3062.999    ,  .0000
3063.02    ,  .0000
3063.042    ,  .0000
3063.063    ,  .0000
3063.084    ,  .0000
3063.106    ,  .0000
3063.127    ,  .0000
3063.149    ,  .0000
3063.17    ,  .0000
3063.192    ,  .0000
3063.213    ,  .0000
3063.234    ,  .0000
3063.256    ,  .0000
3063.277    ,  .0000
3063.299    ,  .0000
3063.32    ,  .0000
3063.342    ,  .0001
3063.363    ,  .0002
3063.385    ,  .0006
3063.406    ,  .0014
3063.427    ,  .0030
3063.449    ,  .0058
3063.47    ,  .0101
3063.492    ,  .0158
3063.513    ,  .0222
3063.534    ,  .0285
3063.556    ,  .0340
3063.577    ,  .0392
3063.599    ,  .0459
3063.62    ,  .0570
3063.642    ,  .0743
3063.663    ,  .0966
3063.685    ,  .1195
3063.706    ,  .1360
3063.727    ,  .1406
3063.749    ,  .1309
3063.77    ,  .1097
3063.792    ,  .0836
3063.813    ,  .0586
3063.834    ,  .0395
3063.856    ,  .0278
3063.877    ,  .0223
3063.899    ,  .0204
3063.92    ,  .0197
3063.942    ,  .0184
3063.963    ,  .0163
3063.984    ,  .0145
3064.006    ,  .0152
3064.027    ,  .0225
3064.049    ,  .0419
3064.07    ,  .0794
3064.092    ,  .1409
3064.113    ,  .2256
3064.135    ,  .3234
3064.156    ,  .4142
3064.177    ,  .4733
3064.199    ,  .4846
3064.22    ,  .4446
3064.242    ,  .3678
3064.263    ,  .2796
3064.284    ,  .2007
3064.306    ,  .1452
3064.327    ,  .1138
3064.349    ,  .0990
3064.37    ,  .0903
3064.392    ,  .0805
3064.413    ,  .0667
3064.435    ,  .0502
3064.456    ,  .0341
3064.477    ,  .0207
3064.499    ,  .0112
3064.52    ,  .0055
3064.542    ,  .0024
3064.563    ,  .0010
3064.584    ,  .0003
3064.606    ,  .0001
3064.627    ,  .0000
3064.649    ,  .0000
3064.67    ,  .0001
3064.692    ,  .0004
3064.713    ,  .0015
3064.734    ,  .0048
3064.756    ,  .0142
3064.777    ,  .0375
3064.799    ,  .0884
3064.82    ,  .1847
3064.842    ,  .3477
3064.863    ,  .5839
3064.885    ,  .8755
3064.906    ,  1.1721
3064.927    ,  1.4002
3064.949    ,  1.5011
3064.97    ,  1.4454
3064.992    ,  1.2604
3065.013    ,  1.0156
3065.034    ,  .7775
3065.056    ,  .5957
3065.077    ,  .4791
3065.099    ,  .4080
3065.12    ,  .3522
3065.142    ,  .2931
3065.163    ,  .2264
3065.185    ,  .1589
3065.206    ,  .1009
3065.227    ,  .0571
3065.249    ,  .0289
3065.27    ,  .0131
3065.292    ,  .0053
3065.313    ,  .0019
3065.334    ,  .0006
3065.356    ,  .0002
3065.377    ,  .0001
3065.399    ,  .0000
3065.42    ,  .0000
3065.442    ,  .0000
3065.463    ,  .0000
3065.484    ,  .0000
3065.506    ,  .0000
3065.527    ,  .0000
3065.549    ,  .0000
3065.57    ,  .0000
3065.592    ,  .0000
3065.613    ,  .0000
3065.635    ,  .0000
3065.656    ,  .0000
3065.677    ,  .0001
3065.699    ,  .0003
3065.72    ,  .0011
3065.742    ,  .0042
3065.763    ,  .0136
3065.784    ,  .0398
3065.806    ,  .1041
3065.827    ,  .2428
3065.849    ,  .5016
3065.87    ,  .9332
3065.892    ,  1.5501
3065.913    ,  2.2999
3065.935    ,  3.0505
3065.956    ,  3.6188
3065.977    ,  3.8683
3065.999    ,  3.7431
3066.02    ,  3.3232
3066.042    ,  2.7769
3066.063    ,  2.2477
3066.084    ,  1.8253
3066.106    ,  1.5079
3066.127    ,  1.2466
3066.149    ,  .9995
3066.17    ,  .7489
3066.192    ,  .5140
3066.213    ,  .3190
3066.234    ,  .1792
3066.256    ,  .0896
3066.277    ,  .0400
3066.299    ,  .0160
3066.32    ,  .0058
3066.342    ,  .0019
3066.363    ,  .0005
3066.385    ,  .0001
3066.406    ,  .0000
3066.427    ,  .0000
3066.449    ,  .0000
3066.47    ,  .0000
3066.492    ,  .0000
3066.513    ,  .0000
3066.534    ,  .0000
3066.556    ,  .0000
3066.577    ,  .0000
3066.599    ,  .0000
3066.62    ,  .0000
3066.642    ,  .0000
3066.663    ,  .0000
3066.685    ,  .0000
3066.706    ,  .0000
3066.727    ,  .0000
3066.749    ,  .0000
3066.77    ,  .0000
3066.792    ,  .0000
3066.813    ,  .0000
3066.834    ,  .0000
3066.856    ,  .0000
3066.877    ,  .0000
3066.899    ,  .0000
3066.92    ,  .0000
3066.942    ,  .0001
3066.963    ,  .0006
3066.984    ,  .0023
3067.006    ,  .0085
3067.027    ,  .0279
3067.049    ,  .0816
3067.07    ,  .2110
3067.092    ,  .4929
3067.113    ,  1.0281
3067.135    ,  1.9150
3067.156    ,  3.1876
3067.177    ,  4.7283
3067.199    ,  6.3191
3067.22    ,  7.5967
3067.242    ,  8.2659
3067.263    ,  8.2286
3067.284    ,  7.6104
3067.306    ,  6.6720
3067.327    ,  5.6606
3067.349    ,  4.7141
3067.37    ,  3.8237
3067.392    ,  2.9761
3067.413    ,  2.1753
3067.435    ,  1.4656
3067.456    ,  .9038
3067.477    ,  .5004
3067.499    ,  .2489
3067.52    ,  .1111
3067.542    ,  .0453
3067.563    ,  .0172
3067.584    ,  .0074
3067.606    ,  .0053
3067.627    ,  .0061
3067.649    ,  .0083
3067.67    ,  .0114
3067.692    ,  .0153
3067.713    ,  .0198
3067.734    ,  .0243
3067.756    ,  .0278
3067.777    ,  .0292
3067.799    ,  .0277
3067.82    ,  .0238
3067.842    ,  .0184
3067.863    ,  .0129
3067.885    ,  .0082
3067.906    ,  .0049
3067.927    ,  .0029
3067.949    ,  .0018
3067.97    ,  .0012
3067.992    ,  .0008
3068.013    ,  .0006
3068.034    ,  .0004
3068.056    ,  .0004
3068.077    ,  .0008
3068.099    ,  .0018
3068.12    ,  .0045
3068.142    ,  .0100
3068.163    ,  .0201
3068.185    ,  .0360
3068.206    ,  .0572
3068.227    ,  .0818
3068.249    ,  .1043
3068.27    ,  .1186
3068.292    ,  .1205
3068.313    ,  .1094
3068.334    ,  .0886
3068.356    ,  .0641
3068.377    ,  .0414
3068.399    ,  .0241
3068.42    ,  .0129
3068.442    ,  .0082
3068.463    ,  .0118
3068.484    ,  .0327
3068.506    ,  .0967
3068.527    ,  .2610
3068.549    ,  .6304
3068.57    ,  1.3496
3068.592    ,  2.6083
3068.613    ,  4.5128
3068.635    ,  7.0039
3068.656    ,  9.7812
3068.677    ,  12.3248
3068.699    ,  14.1856
3068.72    ,  15.0105
3068.742    ,  14.7747
3068.763    ,  13.7041
3068.784    ,  12.0573
3068.806    ,  10.0856
3068.827    ,  7.9747
3068.849    ,  5.9196
3068.87    ,  4.0479
3068.892    ,  2.5305
3068.913    ,  1.4343
3068.935    ,  .7331
3068.956    ,  .3404
3068.977    ,  .1425
3068.999    ,  .0591
3069.02    ,  .0358
3069.042    ,  .0463
3069.063    ,  .0826
3069.084    ,  .1432
3069.106    ,  .2244
3069.127    ,  .3144
3069.149    ,  .3925
3069.17    ,  .4386
3069.192    ,  .4375
3069.213    ,  .3894
3069.234    ,  .3104
3069.256    ,  .2204
3069.277    ,  .1396
3069.299    ,  .0790
3069.32    ,  .0402
3069.342    ,  .0181
3069.363    ,  .0073
3069.385    ,  .0026
3069.406    ,  .0008
3069.427    ,  .0002
3069.449    ,  .0001
3069.47    ,  .0000
3069.492    ,  .0000
3069.513    ,  .0000
3069.534    ,  .0000
3069.556    ,  .0000
3069.577    ,  .0000
3069.599    ,  .0000
3069.62    ,  .0000
3069.642    ,  .0000
3069.663    ,  .0000
3069.685    ,  .0000
3069.706    ,  .0000
3069.727    ,  .0000
3069.749    ,  .0000
3069.77    ,  .0000
3069.792    ,  .0000
3069.813    ,  .0000
3069.834    ,  .0000
3069.856    ,  .0000
3069.877    ,  .0000
3069.899    ,  .0000
3069.92    ,  .0000
3069.942    ,  .0000
3069.963    ,  .0000
3069.984    ,  .0000
3070.006    ,  .0001
3070.027    ,  .0005
3070.049    ,  .0022
3070.07    ,  .0086
3070.092    ,  .0299
3070.113    ,  .0929
3070.135    ,  .2577
3070.156    ,  .6400
3070.177    ,  1.4111
3070.199    ,  2.8174
3070.22    ,  5.0560
3070.242    ,  8.1789
3070.263    ,  11.9278
3070.284    ,  15.8962
3070.306    ,  19.3773
3070.327    ,  21.7401
3070.349    ,  22.5806
3070.37    ,  21.8308
3070.392    ,  19.6833
3070.413    ,  16.5706
3070.435    ,  13.0339
3070.456    ,  9.6309
3070.477    ,  6.6626
3070.499    ,  4.3526
3070.52    ,  2.7006
3070.542    ,  1.6062
3070.563    ,  .9028
3070.584    ,  .4787
3070.606    ,  .2368
3070.627    ,  .1081
3070.649    ,  .0455
3070.67    ,  .0172
3070.692    ,  .0059
3070.713    ,  .0018
3070.734    ,  .0005
3070.756    ,  .0001
3070.777    ,  .0000
3070.799    ,  .0000
3070.82    ,  .0000
3070.842    ,  .0000
3070.863    ,  .0000
3070.885    ,  .0000
3070.906    ,  .0000
3070.927    ,  .0000
3070.949    ,  .0000
3070.97    ,  .0000
3070.992    ,  .0000
3071.013    ,  .0000
3071.034    ,  .0000
3071.056    ,  .0000
3071.077    ,  .0000
3071.099    ,  .0000
3071.12    ,  .0000
3071.142    ,  .0000
3071.163    ,  .0000
3071.185    ,  .0000
3071.206    ,  .0000
3071.227    ,  .0000
3071.249    ,  .0000
3071.27    ,  .0000
3071.292    ,  .0000
3071.313    ,  .0000
3071.334    ,  .0000
3071.356    ,  .0000
3071.377    ,  .0000
3071.399    ,  .0000
3071.42    ,  .0000
3071.442    ,  .0000
3071.463    ,  .0000
3071.484    ,  .0000
3071.506    ,  .0000
3071.527    ,  .0000
3071.549    ,  .0000
3071.57    ,  .0000
3071.592    ,  .0000
3071.613    ,  .0000
3071.635    ,  .0000
3071.656    ,  .0000
3071.677    ,  .0000
3071.699    ,  .0001
3071.72    ,  .0003
3071.742    ,  .0015
3071.763    ,  .0057
3071.784    ,  .0203
3071.806    ,  .0643
3071.827    ,  .1830
3071.849    ,  .4628
3071.87    ,  1.0651
3071.892    ,  2.2091
3071.913    ,  4.1377
3071.935    ,  7.0140
3071.956    ,  10.7367
3071.977    ,  15.0151
3071.999    ,  19.1091
3072.02    ,  22.1564
3072.042    ,  23.4255
3072.063    ,  22.6485
3072.084    ,  20.0735
3072.106    ,  16.4482
3072.127    ,  12.6784
3072.149    ,  9.5002
3072.17    ,  7.1308
3072.192    ,  5.5158
3072.213    ,  4.3656
3072.234    ,  3.4249
3072.256    ,  2.5475
3072.277    ,  1.7504
3072.299    ,  1.0923
3072.32    ,  .6180
3072.342    ,  .3115
3072.363    ,  .1404
3072.385    ,  .0565
3072.406    ,  .0203
3072.427    ,  .0066
3072.449    ,  .0019
3072.47    ,  .0005
3072.492    ,  .0001
3072.513    ,  .0000
3072.534    ,  .0000
3072.556    ,  .0000
3072.577    ,  .0000
3072.599    ,  .0000
3072.62    ,  .0000
3072.642    ,  .0000
3072.663    ,  .0000
3072.685    ,  .0000
3072.706    ,  .0000
3072.727    ,  .0000
3072.749    ,  .0000
3072.77    ,  .0000
3072.792    ,  .0000
3072.813    ,  .0000
3072.834    ,  .0000
3072.856    ,  .0000
3072.877    ,  .0000
3072.899    ,  .0000
3072.92    ,  .0000
3072.942    ,  .0000
3072.963    ,  .0000
3072.984    ,  .0000
3073.006    ,  .0000
3073.027    ,  .0000
3073.049    ,  .0000
3073.07    ,  .0000
3073.092    ,  .0000
3073.113    ,  .0000
3073.135    ,  .0000
3073.156    ,  .0000
3073.177    ,  .0000
3073.199    ,  .0000
3073.22    ,  .0000
3073.242    ,  .0000
3073.263    ,  .0000
3073.284    ,  .0000
3073.306    ,  .0000
3073.327    ,  .0000
3073.349    ,  .0000
3073.37    ,  .0000
3073.392    ,  .0000
3073.413    ,  .0000
3073.435    ,  .0000
3073.456    ,  .0000
3073.477    ,  .0000
3073.499    ,  .0000
3073.52    ,  .0000
3073.542    ,  .0000
3073.563    ,  .0000
3073.584    ,  .0000
3073.606    ,  .0000
3073.627    ,  .0000
3073.649    ,  .0000
3073.67    ,  .0000
3073.692    ,  .0000
3073.713    ,  .0000
3073.734    ,  .0000
3073.756    ,  .0000
3073.777    ,  .0000
3073.799    ,  .0000
3073.82    ,  .0000
3073.842    ,  .0000
3073.863    ,  .0000
3073.885    ,  .0000
3073.906    ,  .0000
3073.927    ,  .0000
3073.949    ,  .0000
3073.97    ,  .0000
3073.992    ,  .0000
3074.013    ,  .0000
3074.034    ,  .0000
3074.056    ,  .0000
3074.077    ,  .0002
3074.099    ,  .0007
3074.12    ,  .0030
3074.142    ,  .0107
3074.163    ,  .0339
3074.185    ,  .0961
3074.206    ,  .2411
3074.227    ,  .5458
3074.249    ,  1.1027
3074.27    ,  1.9882
3074.292    ,  3.1841
3074.313    ,  4.5786
3074.334    ,  5.8761
3074.356    ,  6.7303
3074.377    ,  6.8799
3074.399    ,  6.2871
3074.42    ,  5.1256
3074.442    ,  3.7294
3074.463    ,  2.4218
3074.484    ,  1.4131
3074.506    ,  .7319
3074.527    ,  .3383
3074.549    ,  .1395
3074.57    ,  .0520
3074.592    ,  .0171
3074.613    ,  .0050
3074.635    ,  .0013
3074.656    ,  .0003
3074.677    ,  .0001
3074.699    ,  .0000
3074.72    ,  .0000
3074.742    ,  .0000
3074.763    ,  .0000
3074.784    ,  .0000
3074.806    ,  .0000
3074.827    ,  .0000
3074.849    ,  .0000
3074.87    ,  .0000
3074.892    ,  .0000
3074.913    ,  .0000
3074.935    ,  .0000
3074.956    ,  .0000
3074.977    ,  .0000
3074.999    ,  .0000
3075.02    ,  .0000
3075.042    ,  .0000
3075.063    ,  .0000
3075.084    ,  .0000
3075.106    ,  .0000
3075.127    ,  .0000
3075.149    ,  .0000
3075.17    ,  .0000
3075.192    ,  .0000
3075.213    ,  .0000
3075.234    ,  .0000
3075.256    ,  .0000
3075.277    ,  .0000
3075.299    ,  .0000
3075.32    ,  .0000
3075.342    ,  .0000
3075.363    ,  .0000
3075.385    ,  .0000
3075.406    ,  .0000
3075.427    ,  .0000
3075.449    ,  .0000
3075.47    ,  .0000
3075.492    ,  .0000
3075.513    ,  .0000
3075.534    ,  .0000
3075.556    ,  .0000
3075.577    ,  .0000
3075.599    ,  .0000
3075.62    ,  .0000
3075.642    ,  .0000
3075.663    ,  .0000
3075.685    ,  .0000
3075.706    ,  .0000
3075.727    ,  .0000
3075.749    ,  .0000
3075.77    ,  .0000
3075.792    ,  .0000
3075.813    ,  .0000
3075.834    ,  .0000
3075.856    ,  .0000
3075.877    ,  .0000
3075.899    ,  .0000
3075.92    ,  .0000
3075.942    ,  .0000
3075.963    ,  .0000
3075.984    ,  .0000
3076.006    ,  .0000
3076.027    ,  .0000
3076.049    ,  .0000
3076.07    ,  .0000
3076.092    ,  .0000
3076.113    ,  .0000
3076.135    ,  .0000
3076.156    ,  .0000
3076.177    ,  .0000
3076.199    ,  .0000
3076.22    ,  .0000
3076.242    ,  .0000
3076.263    ,  .0000
3076.284    ,  .0000
3076.306    ,  .0000
3076.327    ,  .0000
3076.349    ,  .0000
3076.37    ,  .0000
3076.392    ,  .0000
3076.413    ,  .0000
3076.435    ,  .0000
3076.456    ,  .0000
3076.477    ,  .0000
3076.499    ,  .0000
3076.52    ,  .0000
3076.542    ,  .0000
3076.563    ,  .0000
3076.584    ,  .0000
3076.606    ,  .0000
3076.627    ,  .0000
3076.649    ,  .0000
3076.67    ,  .0000
3076.692    ,  .0000
3076.713    ,  .0001
3076.734    ,  .0003
3076.756    ,  .0012
3076.777    ,  .0046
3076.799    ,  .0166
3076.82    ,  .0522
3076.842    ,  .1486
3076.863    ,  .3780
3076.885    ,  .8578
3076.906    ,  1.7376
3076.927    ,  3.1219
3076.949    ,  5.0431
3076.97    ,  7.2707
3076.992    ,  9.3552
3077.013    ,  10.7329
3077.034    ,  11.0140
3077.056    ,  10.0872
3077.077    ,  8.2450
3077.099    ,  6.0401
3077.12    ,  3.9375
3077.142    ,  2.2908
3077.163    ,  1.1895
3077.185    ,  .5512
3077.206    ,  .2304
3077.227    ,  .0852
3077.249    ,  .0281
3077.27    ,  .0083
3077.292    ,  .0022
3077.313    ,  .0005
3077.334    ,  .0001
3077.356    ,  .0000
3077.377    ,  .0000
3077.399    ,  .0000
3077.42    ,  .0000
3077.442    ,  .0000
3077.463    ,  .0000
3077.484    ,  .0000
3077.506    ,  .0000
3077.527    ,  .0000
3077.549    ,  .0000
3077.57    ,  .0000
3077.592    ,  .0000
3077.613    ,  .0000
3077.635    ,  .0000
3077.656    ,  .0000
3077.677    ,  .0000
3077.699    ,  .0000
3077.72    ,  .0000
3077.742    ,  .0000
3077.763    ,  .0000
3077.784    ,  .0000
3077.806    ,  .0000
3077.827    ,  .0000
3077.849    ,  .0000
3077.87    ,  .0000
3077.892    ,  .0000
3077.913    ,  .0000
3077.935    ,  .0000
3077.956    ,  .0000
3077.977    ,  .0000
3077.999    ,  .0000
3078.02    ,  .0000
3078.042    ,  .0000
3078.063    ,  .0000
3078.084    ,  .0000
3078.106    ,  .0001
3078.127    ,  .0003
3078.149    ,  .0015
3078.17    ,  .0068
3078.192    ,  .0272
3078.213    ,  .0968
3078.234    ,  .3040
3078.256    ,  .8666
3078.277    ,  2.2116
3078.299    ,  5.0555
3078.32    ,  10.2779
3078.342    ,  18.8981
3078.363    ,  31.1670
3078.385    ,  46.1258
3078.406    ,  61.2855
3078.427    ,  73.0308
3078.449    ,  78.3959
3078.47    ,  75.6315
3078.492    ,  65.5873
3078.513    ,  51.3067
3078.534    ,  36.0008
3078.556    ,  22.7064
3078.577    ,  12.8705
3078.599    ,  6.6086
3078.62    ,  3.0262
3078.642    ,  1.2440
3078.663    ,  .4589
3078.685    ,  .1518
3078.706    ,  .0457
3078.727    ,  .0122
3078.749    ,  .0029
3078.77    ,  .0006
3078.792    ,  .0001
3078.813    ,  .0000
3078.834    ,  .0000
3078.856    ,  .0000
3078.877    ,  .0000
3078.899    ,  .0000
3078.92    ,  .0000
3078.942    ,  .0000
3078.963    ,  .0000
3078.984    ,  .0000
3079.006    ,  .0000
3079.027    ,  .0000
3079.049    ,  .0000
3079.07    ,  .0000
3079.092    ,  .0000
3079.113    ,  .0000
3079.135    ,  .0000
3079.156    ,  .0000
3079.177    ,  .0000
3079.199    ,  .0000
3079.22    ,  .0000
3079.242    ,  .0000
3079.263    ,  .0000
3079.284    ,  .0000
3079.306    ,  .0000
3079.327    ,  .0000
3079.349    ,  .0000
3079.37    ,  .0000
3079.392    ,  .0000
3079.413    ,  .0000
3079.435    ,  .0000
3079.456    ,  .0000
3079.477    ,  .0000
3079.499    ,  .0000
3079.52    ,  .0000
3079.542    ,  .0000
3079.563    ,  .0000
3079.584    ,  .0000
3079.606    ,  .0000
3079.627    ,  .0001
3079.649    ,  .0007
3079.67    ,  .0034
3079.692    ,  .0144
3079.713    ,  .0543
3079.734    ,  .1811
3079.756    ,  .5470
3079.777    ,  1.4772
3079.799    ,  3.5665
3079.82    ,  7.6408
3079.842    ,  14.7931
3079.863    ,  25.6625
3079.885    ,  39.9347
3079.906    ,  55.8216
3079.927    ,  70.0620
3079.949    ,  79.5178
3079.97    ,  81.5172
3079.992    ,  75.6468
3080.013    ,  63.8503
3080.034    ,  48.9578
3080.056    ,  34.3079
3080.077    ,  22.2562
3080.099    ,  13.9931
3080.12    ,  9.3862
3080.142    ,  7.9361
3080.163    ,  8.6786
3080.185    ,  10.5033
3080.206    ,  12.2933
3080.227    ,  13.2083
3080.249    ,  12.7636
3080.27    ,  11.0328
3080.292    ,  8.5474
3080.313    ,  5.8976
3080.334    ,  3.6319
3080.356    ,  1.9962
3080.377    ,  .9792
3080.399    ,  .4330
3080.42    ,  .1694
3080.442    ,  .0591
3080.463    ,  .0184
3080.484    ,  .0052
3080.506    ,  .0013
3080.527    ,  .0003
3080.549    ,  .0001
3080.57    ,  .0000
3080.592    ,  .0000
3080.613    ,  .0000
3080.635    ,  .0000
3080.656    ,  .0000
3080.677    ,  .0000
3080.699    ,  .0000
3080.72    ,  .0000
3080.742    ,  .0000
3080.763    ,  .0000
3080.784    ,  .0000
3080.806    ,  .0000
3080.827    ,  .0000
3080.849    ,  .0000
3080.87    ,  .0000
3080.892    ,  .0000
3080.913    ,  .0000
3080.935    ,  .0000
3080.956    ,  .0000
3080.977    ,  .0000
3080.999    ,  .0000
3081.02    ,  .0000
3081.042    ,  .0000
3081.063    ,  .0000
3081.084    ,  .0000
3081.106    ,  .0000
3081.127    ,  .0000
3081.149    ,  .0000
3081.17    ,  .0000
3081.192    ,  .0000
3081.213    ,  .0001
3081.234    ,  .0004
3081.256    ,  .0018
3081.277    ,  .0080
3081.299    ,  .0315
3081.32    ,  .1087
3081.342    ,  .3402
3081.363    ,  .9511
3081.385    ,  2.3748
3081.406    ,  5.3003
3081.427    ,  10.5070
3081.449    ,  18.8226
3081.47    ,  30.2945
3081.492    ,  43.9979
3081.513    ,  57.9156
3081.534    ,  70.2787
3081.556    ,  79.5075
3081.577    ,  85.3571
3081.599    ,  88.3210
3081.62    ,  88.7811
3081.642    ,  86.2137
3081.663    ,  79.7088
3081.685    ,  68.9435
3081.706    ,  55.1082
3081.727    ,  40.0490
3081.749    ,  26.3189
3081.77    ,  15.5666
3081.792    ,  8.3272
3081.813    ,  3.9642
3081.834    ,  1.6886
3081.856    ,  .6431
3081.877    ,  .2189
3081.899    ,  .0675
3081.92    ,  .0184
3081.942    ,  .0045
3081.963    ,  .0010
3081.984    ,  .0002
3082.006    ,  .0000
3082.027    ,  .0000
3082.049    ,  .0000
3082.07    ,  .0000
3082.092    ,  .0000
3082.113    ,  .0000
3082.135    ,  .0000
3082.156    ,  .0000
3082.177    ,  .0000
3082.199    ,  .0000
3082.22    ,  .0000
3082.242    ,  .0000
3082.263    ,  .0000
3082.284    ,  .0000
3082.306    ,  .0000
3082.327    ,  .0000
3082.349    ,  .0000
3082.37    ,  .0000
3082.392    ,  .0000
3082.413    ,  .0000
3082.435    ,  .0000
3082.456    ,  .0000
3082.477    ,  .0000
3082.499    ,  .0000
3082.52    ,  .0000
3082.542    ,  .0000
3082.563    ,  .0000
3082.584    ,  .0000
3082.606    ,  .0000
3082.627    ,  .0000
3082.649    ,  .0000
3082.67    ,  .0000
3082.692    ,  .0000
3082.713    ,  .0000
3082.734    ,  .0000
3082.756    ,  .0000
3082.777    ,  .0000
3082.799    ,  .0000
3082.82    ,  .0000
3082.842    ,  .0000
3082.863    ,  .0000
3082.885    ,  .0000
3082.906    ,  .0000
3082.927    ,  .0000
3082.949    ,  .0001
3082.97    ,  .0003
3082.992    ,  .0016
3083.013    ,  .0067
3083.034    ,  .0260
3083.056    ,  .0895
3083.077    ,  .2752
3083.099    ,  .7472
3083.12    ,  1.8334
3083.142    ,  4.0157
3083.163    ,  7.8538
3083.185    ,  13.7192
3083.206    ,  21.3211
3083.227    ,  29.8045
3083.249    ,  37.3136
3083.27    ,  41.9302
3083.292    ,  42.4593
3083.313    ,  38.9624
3083.334    ,  32.6304
3083.356    ,  25.2031
3083.377    ,  18.1749
3083.399    ,  12.4369
3083.42    ,  8.0617
3083.442    ,  4.9685
3083.463    ,  2.8894
3083.484    ,  1.5786
3083.506    ,  .7894
3083.527    ,  .3600
3083.549    ,  .1486
3083.57    ,  .0559
3083.592    ,  .0187
3083.613    ,  .0056
3083.635    ,  .0015
3083.656    ,  .0004
3083.677    ,  .0001
3083.699    ,  .0000
3083.72    ,  .0000
3083.742    ,  .0001
3083.763    ,  .0005
3083.784    ,  .0020
3083.806    ,  .0076
3083.827    ,  .0257
3083.849    ,  .0771
3083.87    ,  .2089
3083.892    ,  .5052
3083.913    ,  1.0901
3083.935    ,  2.0995
3083.956    ,  3.5888
3083.977    ,  5.5123
3083.999    ,  7.5565
3084.02    ,  9.2448
3084.042    ,  10.0906
3084.063    ,  9.8458
3084.084    ,  8.5739
3084.106    ,  6.6635
3084.127    ,  4.6220
3084.149    ,  2.8787
3084.17    ,  1.5924
3084.192    ,  .7862
3084.213    ,  .3464
3084.234    ,  .1378
3084.256    ,  .0484
3084.277    ,  .0152
3084.299    ,  .0043
3084.32    ,  .0011
3084.342    ,  .0002
3084.363    ,  .0000
3084.385    ,  .0000
3084.406    ,  .0000
3084.427    ,  .0000
3084.449    ,  .0000
3084.47    ,  .0000
3084.492    ,  .0000
3084.513    ,  .0000
3084.534    ,  .0000
3084.556    ,  .0000
3084.577    ,  .0000
3084.599    ,  .0000
3084.62    ,  .0000
3084.642    ,  .0000
3084.663    ,  .0000
3084.685    ,  .0000
3084.706    ,  .0000
3084.727    ,  .0000
3084.749    ,  .0000
3084.77    ,  .0000
3084.792    ,  .0000
3084.813    ,  .0000
3084.834    ,  .0000
3084.856    ,  .0000
3084.877    ,  .0001
3084.899    ,  .0003
3084.92    ,  .0015
3084.942    ,  .0063
3084.963    ,  .0234
3084.984    ,  .0763
3085.006    ,  .2247
3085.027    ,  .5910
3085.049    ,  1.3874
3085.07    ,  2.8843
3085.092    ,  5.4012
3085.113    ,  9.0298
3085.135    ,  13.4813
3085.156    ,  17.9838
3085.177    ,  21.4268
3085.199    ,  22.9343
3085.22    ,  22.0666
3085.242    ,  19.1965
3085.263    ,  15.2946
3085.284    ,  11.2714
3085.306    ,  7.8605
3085.327    ,  5.3025
3085.349    ,  3.5258
3085.37    ,  2.2853
3085.392    ,  1.4267
3085.413    ,  .8391
3085.435    ,  .4557
3085.456    ,  .2274
3085.477    ,  .1017
3085.499    ,  .0408
3085.52    ,  .0147
3085.542    ,  .0048
3085.563    ,  .0014
3085.584    ,  .0004
3085.606    ,  .0001
3085.627    ,  .0000
3085.649    ,  .0000
3085.67    ,  .0000
3085.692    ,  .0000
3085.713    ,  .0000
3085.734    ,  .0000
3085.756    ,  .0000
3085.777    ,  .0000
3085.799    ,  .0000
3085.82    ,  .0000
3085.842    ,  .0000
3085.863    ,  .0000
3085.885    ,  .0000
3085.906    ,  .0000
3085.927    ,  .0000
3085.949    ,  .0000
3085.97    ,  .0000
3085.992    ,  .0000
3086.013    ,  .0000
3086.034    ,  .0000
3086.056    ,  .0001
3086.077    ,  .0004
3086.099    ,  .0017
3086.12    ,  .0078
3086.142    ,  .0308
3086.163    ,  .1092
3086.185    ,  .3454
3086.206    ,  .9646
3086.227    ,  2.4339
3086.249    ,  5.4811
3086.27    ,  11.0160
3086.292    ,  19.6415
3086.313    ,  31.4838
3086.334    ,  45.0398
3086.356    ,  57.5046
3086.377    ,  65.5247
3086.399    ,  66.6650
3086.42    ,  60.5834
3086.442    ,  49.1367
3086.463    ,  35.5676
3086.484    ,  23.1064
3086.506    ,  13.3393
3086.527    ,  6.8728
3086.549    ,  3.1603
3086.57    ,  1.3110
3086.592    ,  .4808
3086.613    ,  .1574
3086.635    ,  .0460
3086.656    ,  .0120
3086.677    ,  .0028
3086.699    ,  .0006
3086.72    ,  .0001
3086.742    ,  .0000
3086.763    ,  .0000
3086.784    ,  .0000
3086.806    ,  .0000
3086.827    ,  .0000
3086.849    ,  .0000
3086.87    ,  .0000
3086.892    ,  .0000
3086.913    ,  .0000
3086.935    ,  .0000
3086.956    ,  .0000
3086.977    ,  .0000
3086.999    ,  .0000
3087.02    ,  .0000
3087.042    ,  .0001
3087.063    ,  .0007
3087.084    ,  .0027
3087.106    ,  .0101
3087.127    ,  .0335
3087.149    ,  .0979
3087.17    ,  .2584
3087.192    ,  .6088
3087.213    ,  1.2803
3087.234    ,  2.3873
3087.256    ,  4.0045
3087.277    ,  5.9962
3087.299    ,  8.0165
3087.32    ,  9.5604
3087.342    ,  10.2216
3087.363    ,  9.7910
3087.385    ,  8.4369
3087.406    ,  6.5938
3087.427    ,  4.7661
3087.449    ,  3.2451
3087.47    ,  2.1640
3087.492    ,  1.4600
3087.513    ,  1.0089
3087.534    ,  .6921
3087.556    ,  .4563
3087.577    ,  .2803
3087.599    ,  .1582
3087.62    ,  .0801
3087.642    ,  .0364
3087.663    ,  .0148
3087.685    ,  .0054
3087.706    ,  .0018
3087.727    ,  .0005
3087.749    ,  .0001
3087.77    ,  .0000
3087.792    ,  .0000
3087.813    ,  .0000
3087.834    ,  .0000
3087.856    ,  .0000
3087.877    ,  .0000
3087.899    ,  .0000
3087.92    ,  .0000
3087.942    ,  .0000
3087.963    ,  .0000
3087.984    ,  .0000
3088.006    ,  .0000
3088.027    ,  .0000
3088.049    ,  .0000
3088.07    ,  .0000
3088.092    ,  .0000
3088.113    ,  .0000
3088.135    ,  .0000
3088.156    ,  .0000
3088.177    ,  .0000
3088.199    ,  .0000
3088.22    ,  .0000
3088.242    ,  .0000
3088.263    ,  .0000
3088.284    ,  .0000
3088.306    ,  .0000
3088.327    ,  .0000
3088.349    ,  .0000
3088.37    ,  .0000
3088.392    ,  .0000
3088.413    ,  .0000
3088.435    ,  .0000
3088.456    ,  .0000
3088.477    ,  .0000
3088.499    ,  .0000
3088.52    ,  .0000
3088.542    ,  .0000
3088.563    ,  .0000
3088.584    ,  .0000
3088.606    ,  .0000
3088.627    ,  .0000
3088.649    ,  .0000
3088.67    ,  .0000
3088.692    ,  .0000
3088.713    ,  .0000
3088.734    ,  .0000
3088.756    ,  .0000
3088.777    ,  .0000
3088.799    ,  .0000
3088.82    ,  .0000
3088.842    ,  .0000
3088.863    ,  .0000
3088.885    ,  .0000
3088.906    ,  .0000
3088.927    ,  .0000
3088.949    ,  .0000
3088.97    ,  .0000
3088.992    ,  .0000
3089.013    ,  .0000
3089.034    ,  .0000
3089.056    ,  .0000
3089.077    ,  .0000
3089.099    ,  .0000
3089.12    ,  .0000
3089.142    ,  .0000
3089.163    ,  .0000
3089.185    ,  .0000
3089.206    ,  .0000
3089.227    ,  .0000
3089.249    ,  .0000
3089.27    ,  .0000
3089.292    ,  .0000
3089.313    ,  .0000
3089.334    ,  .0000
3089.356    ,  .0000
3089.377    ,  .0000
3089.399    ,  .0000
3089.42    ,  .0000
3089.442    ,  .0001
3089.463    ,  .0005
3089.484    ,  .0019
3089.506    ,  .0073
3089.527    ,  .0244
3089.549    ,  .0740
3089.57    ,  .2012
3089.592    ,  .5040
3089.613    ,  1.1545
3089.635    ,  2.4331
3089.656    ,  4.7500
3089.677    ,  8.5959
3089.699    ,  14.7074
3089.72    ,  23.7115
3089.742    ,  36.0335
3089.763    ,  51.2549
3089.784    ,  68.3801
3089.806    ,  84.5532
3089.827    ,  96.1824
3089.849    ,  100.0000
3089.87    ,  94.6050
3089.892    ,  81.0212
3089.913    ,  62.6164
3089.935    ,  43.5683
3089.956    ,  27.4085
3089.977    ,  15.4052
3089.999    ,  7.7658
3090.02    ,  3.5102
3090.042    ,  1.4429
3090.063    ,  .5452
3090.084    ,  .2393
3090.106    ,  .2296
3090.127    ,  .4312
3090.149    ,  .8753
3090.17    ,  1.6765
3090.192    ,  2.9735
3090.213    ,  4.9366
3090.234    ,  7.7286
3090.256    ,  11.6254
3090.277    ,  16.7383
3090.299    ,  22.9692
3090.32    ,  29.7755
3090.342    ,  36.5565
3090.363    ,  42.4620
3090.385    ,  47.0285
3090.406    ,  50.1579
3090.427    ,  51.8158
3090.449    ,  51.7521
3090.47    ,  49.3862
3090.492    ,  44.3326
3090.513    ,  36.9713
3090.534    ,  28.1899
3090.556    ,  19.5198
3090.577    ,  12.2073
3090.599    ,  6.9197
3090.62    ,  3.5014
3090.642    ,  1.5886
3090.663    ,  .6457
3090.685    ,  .2349
3090.706    ,  .0775
3090.727    ,  .0226
3090.749    ,  .0059
3090.77    ,  .0014
3090.792    ,  .0003
3090.813    ,  .0001
3090.834    ,  .0000
3090.856    ,  .0001
3090.877    ,  .0003
3090.899    ,  .0015
3090.92    ,  .0068
3090.942    ,  .0270
3090.963    ,  .0962
3090.984    ,  .3022
3091.006    ,  .8592
3091.027    ,  2.1807
3091.049    ,  4.9409
3091.07    ,  9.9208
3091.092    ,  17.9403
3091.113    ,  28.9715
3091.135    ,  41.7929
3091.156    ,  53.8854
3091.177    ,  62.1067
3091.199    ,  64.3548
3091.22    ,  60.1446
3091.242    ,  51.3181
3091.263    ,  41.1246
3091.284    ,  32.2300
3091.306    ,  26.2778
3091.327    ,  23.0895
3091.349    ,  21.3756
3091.37    ,  19.6383
3091.392    ,  17.0314
3091.413    ,  13.5317
3091.435    ,  9.7070
3091.456    ,  6.2813
3091.477    ,  3.6198
3091.499    ,  1.8635
3091.52    ,  .8566
3091.542    ,  .3553
3091.563    ,  .1303
3091.584    ,  .0426
3091.606    ,  .0125
3091.627    ,  .0032
3091.649    ,  .0008
3091.67    ,  .0002
3091.692    ,  .0000
3091.713    ,  .0000
3091.734    ,  .0000
3091.756    ,  .0000
3091.777    ,  .0000
3091.799    ,  .0000
3091.82    ,  .0000
3091.842    ,  .0000
3091.863    ,  .0000
3091.885    ,  .0000
3091.906    ,  .0000
3091.927    ,  .0000
3091.949    ,  .0000
3091.97    ,  .0000
3091.992    ,  .0000
3092.013    ,  .0000
3092.034    ,  .0000
3092.056    ,  .0000
3092.077    ,  .0000
3092.099    ,  .0000
3092.12    ,  .0001
3092.142    ,  .0004
3092.163    ,  .0013
3092.185    ,  .0043
3092.206    ,  .0124
3092.227    ,  .0324
3092.249    ,  .0757
3092.27    ,  .1577
3092.292    ,  .2914
3092.313    ,  .4842
3092.334    ,  .7183
3092.356    ,  .9510
3092.377    ,  1.1238
3092.399    ,  1.1859
3092.42    ,  1.1197
3092.442    ,  .9475
3092.463    ,  .7249
3092.484    ,  .5178
3092.506    ,  .3702
3092.527    ,  .3096
3092.549    ,  .3391
3092.57    ,  .4463
3092.592    ,  .6195
3092.613    ,  .8547
3092.635    ,  1.1795
3092.656    ,  1.6675
3092.677    ,  2.4171
3092.699    ,  3.5317
3092.72    ,  4.9790
3092.742    ,  6.5490
3092.763    ,  7.8557
3092.784    ,  8.5301
3092.806    ,  8.3128
3092.827    ,  7.2494
3092.849    ,  5.6691
3092.87    ,  3.9504
3092.892    ,  2.4575
3092.913    ,  1.3646
3092.935    ,  .6763
3092.956    ,  .3021
3092.977    ,  .1194
3092.999    ,  .0421
3093.02    ,  .0133
3093.042    ,  .0038
3093.063    ,  .0010
3093.084    ,  .0002
3093.106    ,  .0000
3093.127    ,  .0000
3093.149    ,  .0000
3093.17    ,  .0000
3093.192    ,  .0000
3093.213    ,  .0000
3093.234    ,  .0000
3093.256    ,  .0000
3093.277    ,  .0000
3093.299    ,  .0000
3093.32    ,  .0000
3093.342    ,  .0000
3093.363    ,  .0000
3093.385    ,  .0000
3093.406    ,  .0001
3093.427    ,  .0007
3093.449    ,  .0030
3093.47    ,  .0122
3093.492    ,  .0441
3093.513    ,  .1402
3093.534    ,  .4037
3093.556    ,  1.0371
3093.577    ,  2.3783
3093.599    ,  4.8309
3093.62    ,  8.8349
3093.642    ,  14.4203
3093.663    ,  21.0060
3093.685    ,  27.3092
3093.706    ,  31.6530
3093.727    ,  32.8197
3093.749    ,  30.3704
3093.77    ,  25.0820
3093.792    ,  18.5632
3093.813    ,  12.2270
3093.834    ,  7.1875
3093.856    ,  3.7708
3093.877    ,  1.7656
3093.899    ,  .7456
3093.92    ,  .2784
3093.942    ,  .0928
3093.963    ,  .0276
3093.984    ,  .0074
3094.006    ,  .0018
3094.027    ,  .0004
3094.049    ,  .0001
3094.07    ,  .0000
3094.092    ,  .0000
3094.113    ,  .0000
3094.135    ,  .0000
3094.156    ,  .0000
3094.177    ,  .0000
3094.199    ,  .0001
3094.22    ,  .0002
3094.242    ,  .0007
3094.263    ,  .0020
3094.284    ,  .0053
3094.306    ,  .0126
3094.327    ,  .0268
3094.349    ,  .0506
3094.37    ,  .0864
3094.392    ,  .1334
3094.413    ,  .1889
3094.435    ,  .2531
3094.456    ,  .3361
3094.477    ,  .4694
3094.499    ,  .6992
3094.52    ,  1.0710
3094.542    ,  1.5885
3094.563    ,  2.2073
3094.584    ,  2.7929
3094.606    ,  3.1820
3094.627    ,  3.2477
3094.649    ,  2.9682
3094.67    ,  2.4218
3094.692    ,  1.7640
3094.713    ,  1.1468
3094.734    ,  .6700
3094.756    ,  .3475
3094.777    ,  .1608
3094.799    ,  .0664
3094.82    ,  .0248
3094.842    ,  .0082
3094.863    ,  .0024
3094.885    ,  .0006
3094.906    ,  .0001
3094.927    ,  .0000
3094.949    ,  .0000
3094.97    ,  .0000
3094.992    ,  .0000
3095.013    ,  .0000
3095.034    ,  .0000
3095.056    ,  .0000
3095.077    ,  .0000
3095.099    ,  .0002
3095.12    ,  .0006
3095.142    ,  .0019
3095.163    ,  .0053
3095.185    ,  .0131
3095.206    ,  .0286
3095.227    ,  .0565
3095.249    ,  .0996
3095.27    ,  .1566
3095.292    ,  .2190
3095.313    ,  .2746
3095.334    ,  .3073
3095.356    ,  .3070
3095.377    ,  .2738
3095.399    ,  .2190
3095.42    ,  .1568
3095.442    ,  .1014
3095.463    ,  .0608
3095.484    ,  .0359
3095.506    ,  .0229
3095.527    ,  .0172
3095.549    ,  .0147
3095.57    ,  .0129
3095.592    ,  .0106
3095.613    ,  .0080
3095.635    ,  .0054
3095.656    ,  .0033
3095.677    ,  .0018
3095.699    ,  .0009
3095.72    ,  .0004
3095.742    ,  .0001
3095.763    ,  .0001
3095.784    ,  .0000
3095.806    ,  .0002
3095.827    ,  .0010
3095.849    ,  .0043
3095.87    ,  .0175
3095.892    ,  .0631
3095.913    ,  .2034
3095.935    ,  .5847
3095.956    ,  1.4854
3095.977    ,  3.4062
3095.999    ,  6.9710
3096.02    ,  12.7324
3096.042    ,  20.6538
3096.063    ,  30.0886
3096.084    ,  39.1263
3096.106    ,  45.4309
3096.127    ,  47.1537
3096.149    ,  43.9583
3096.17    ,  37.1285
3096.192    ,  29.3001
3096.213    ,  23.3393
3096.234    ,  21.3617
3096.256    ,  24.1015
3096.277    ,  30.8884
3096.299    ,  39.6734
3096.32    ,  47.5537
3096.342    ,  52.0254
3096.363    ,  51.3691
3096.385    ,  45.6557
3096.406    ,  36.4966
3096.427    ,  26.3474
3096.449    ,  17.0456
3096.47    ,  9.9118
3096.492    ,  5.1799
3096.513    ,  2.4572
3096.534    ,  1.0449
3096.556    ,  .4106
3096.577    ,  .1631
3096.599    ,  .0835
3096.62    ,  .0662
3096.642    ,  .0703
3096.663    ,  .0851
3096.685    ,  .1161
3096.706    ,  .1768
3096.727    ,  .2839
3096.749    ,  .4432
3096.77    ,  .6409
3096.792    ,  .8374
3096.813    ,  .9858
3096.834    ,  1.0381
3096.856    ,  .9764
3096.877    ,  .8199
3096.899    ,  .6169
3096.92    ,  .4132
3096.942    ,  .2470
3096.963    ,  .1318
3096.984    ,  .0633
3097.006    ,  .0269
3097.027    ,  .0102
3097.049    ,  .0035
3097.07    ,  .0011
3097.092    ,  .0003
3097.113    ,  .0001
3097.135    ,  .0000
3097.156    ,  .0000
3097.177    ,  .0000
3097.199    ,  .0000
3097.22    ,  .0000
3097.242    ,  .0000
3097.263    ,  .0000
3097.284    ,  .0000
3097.306    ,  .0000
3097.327    ,  .0000
3097.349    ,  .0000
3097.37    ,  .0000
3097.392    ,  .0000
3097.413    ,  .0000
3097.435    ,  .0000
3097.456    ,  .0000
3097.477    ,  .0000
3097.499    ,  .0000
3097.52    ,  .0000
3097.542    ,  .0000
3097.563    ,  .0000
3097.584    ,  .0000
3097.606    ,  .0000
3097.627    ,  .0000
3097.649    ,  .0000
3097.67    ,  .0000
3097.692    ,  .0000
3097.713    ,  .0000
3097.734    ,  .0000
3097.756    ,  .0000
3097.777    ,  .0000
3097.799    ,  .0000
3097.82    ,  .0000
3097.842    ,  .0000
3097.863    ,  .0000
3097.885    ,  .0000
3097.906    ,  .0000
3097.927    ,  .0000
3097.949    ,  .0000
3097.97    ,  .0000
3097.992    ,  .0000
3098.013    ,  .0000
3098.034    ,  .0000
3098.056    ,  .0000
3098.077    ,  .0000
3098.099    ,  .0000
3098.12    ,  .0000
3098.142    ,  .0000
3098.163    ,  .0000
3098.185    ,  .0000
3098.206    ,  .0000
3098.227    ,  .0000
3098.249    ,  .0000
3098.27    ,  .0000
3098.292    ,  .0000
3098.313    ,  .0000
3098.334    ,  .0000
3098.356    ,  .0001
3098.377    ,  .0003
3098.399    ,  .0008
3098.42    ,  .0020
3098.442    ,  .0045
3098.463    ,  .0094
3098.484    ,  .0174
3098.506    ,  .0288
3098.527    ,  .0425
3098.549    ,  .0561
3098.57    ,  .0659
3098.592    ,  .0693
3098.613    ,  .0651
3098.635    ,  .0545
3098.656    ,  .0408
3098.677    ,  .0275
3098.699    ,  .0167
3098.72    ,  .0094
3098.742    ,  .0053
3098.763    ,  .0034
3098.784    ,  .0028
3098.806    ,  .0026
3098.827    ,  .0024
3098.849    ,  .0022
3098.87    ,  .0017
3098.892    ,  .0012
3098.913    ,  .0008
3098.935    ,  .0005
3098.956    ,  .0002
3098.977    ,  .0001
3098.999    ,  .0001
3099.02    ,  .0002
3099.042    ,  .0004
3099.063    ,  .0009
3099.084    ,  .0018
3099.106    ,  .0033
3099.127    ,  .0053
3099.149    ,  .0078
3099.17    ,  .0104
3099.192    ,  .0125
3099.213    ,  .0142
3099.234    ,  .0164
3099.256    ,  .0220
3099.277    ,  .0368
3099.299    ,  .0721
3099.32    ,  .1508
3099.342    ,  .3289
3099.363    ,  .7263
3099.385    ,  1.5829
3099.406    ,  3.3084
3099.427    ,  6.4308
3099.449    ,  11.6289
3099.47    ,  19.2485
3099.492    ,  29.0537
3099.513    ,  39.8076
3099.534    ,  49.8420
3099.556    ,  56.7676
3099.577    ,  58.7734
3099.599    ,  55.3228
3099.62    ,  47.2101
3099.642    ,  36.4660
3099.663    ,  25.4485
3099.685    ,  16.0164
3099.706    ,  9.1394
3099.727    ,  4.6608
3099.749    ,  2.1338
3099.77    ,  .8761
3099.792    ,  .3261
3099.813    ,  .1075
3099.834    ,  .0317
3099.856    ,  .0084
3099.877    ,  .0020
3099.899    ,  .0004
3099.92    ,  .0001
3099.942    ,  .0000
3099.963    ,  .0000
3099.984    ,  .0000
3100.006    ,  .0000
3100.027    ,  .0000
3100.049    ,  .0000
3100.07    ,  .0000
3100.092    ,  .0000
3100.113    ,  .0000
3100.135    ,  .0000
3100.156    ,  .0000
3100.177    ,  .0000
3100.199    ,  .0000
3100.22    ,  .0000
3100.242    ,  .0000
3100.263    ,  .0000
3100.284    ,  .0000
3100.306    ,  .0000
3100.327    ,  .0000
3100.349    ,  .0000
3100.37    ,  .0000
3100.392    ,  .0000
3100.413    ,  .0000
3100.435    ,  .0000
3100.456    ,  .0000
3100.477    ,  .0000
3100.499    ,  .0000
3100.52    ,  .0000
3100.542    ,  .0000
3100.563    ,  .0000
3100.584    ,  .0000
3100.606    ,  .0000
3100.627    ,  .0000
3100.649    ,  .0000
3100.67    ,  .0000
3100.692    ,  .0000
3100.713    ,  .0000
3100.734    ,  .0000
3100.756    ,  .0000
3100.777    ,  .0000
3100.799    ,  .0000
3100.82    ,  .0000
3100.842    ,  .0000
3100.863    ,  .0000
3100.885    ,  .0000
3100.906    ,  .0001
3100.927    ,  .0004
3100.949    ,  .0017
3100.97    ,  .0070
3100.992    ,  .0263
3101.013    ,  .0868
3101.034    ,  .2590
3101.056    ,  .6900
3101.077    ,  1.6406
3101.099    ,  3.4539
3101.12    ,  6.5494
3101.142    ,  11.0840
3101.163    ,  16.7412
3101.185    ,  22.5668
3101.206    ,  27.1092
3101.227    ,  29.1445
3101.249    ,  27.9635
3101.27    ,  23.9454
3101.292    ,  18.3677
3101.313    ,  12.5441
3101.334    ,  7.6458
3101.356    ,  4.1591
3101.377    ,  2.0192
3101.399    ,  .8838
3101.42    ,  .3422
3101.442    ,  .1182
3101.463    ,  .0365
3101.484    ,  .0102
3101.506    ,  .0025
3101.527    ,  .0006
3101.549    ,  .0001
3101.57    ,  .0000
3101.592    ,  .0000
3101.613    ,  .0000
3101.635    ,  .0000
3101.656    ,  .0000
3101.677    ,  .0000
3101.699    ,  .0000
3101.72    ,  .0000
3101.742    ,  .0000
3101.763    ,  .0000
3101.784    ,  .0000
3101.806    ,  .0000
3101.827    ,  .0000
3101.849    ,  .0000
3101.87    ,  .0000
3101.892    ,  .0000
3101.913    ,  .0000
3101.935    ,  .0001
3101.956    ,  .0002
3101.977    ,  .0005
3101.999    ,  .0012
3102.02    ,  .0024
3102.042    ,  .0042
3102.063    ,  .0069
3102.084    ,  .0100
3102.106    ,  .0129
3102.127    ,  .0150
3102.149    ,  .0156
3102.17    ,  .0148
3102.192    ,  .0133
3102.213    ,  .0124
3102.234    ,  .0135
3102.256    ,  .0181
3102.277    ,  .0265
3102.299    ,  .0379
3102.32    ,  .0497
3102.342    ,  .0590
3102.363    ,  .0628
3102.385    ,  .0596
3102.406    ,  .0506
3102.427    ,  .0385
3102.449    ,  .0260
3102.47    ,  .0157
3102.492    ,  .0085
3102.513    ,  .0041
3102.534    ,  .0018
3102.556    ,  .0007
3102.577    ,  .0002
3102.599    ,  .0001
3102.62    ,  .0000
3102.642    ,  .0000
3102.663    ,  .0000
3102.685    ,  .0000
3102.706    ,  .0000
3102.727    ,  .0000
3102.749    ,  .0000
3102.77    ,  .0000
3102.792    ,  .0000
3102.813    ,  .0000
3102.834    ,  .0000
3102.856    ,  .0000
3102.877    ,  .0000
3102.899    ,  .0000
3102.92    ,  .0000
3102.942    ,  .0000
3102.963    ,  .0001
3102.984    ,  .0007
3103.006    ,  .0029
3103.027    ,  .0109
3103.049    ,  .0372
3103.07    ,  .1120
3103.092    ,  .3067
3103.113    ,  .7534
3103.135    ,  1.6652
3103.156    ,  3.3224
3103.177    ,  5.9735
3103.199    ,  9.8633
3103.22    ,  14.9395
3103.242    ,  20.8837
3103.263    ,  27.0024
3103.284    ,  32.5593
3103.306    ,  36.4581
3103.327    ,  37.7688
3103.349    ,  36.0332
3103.37    ,  31.4301
3103.392    ,  24.9193
3103.413    ,  17.8699
3103.435    ,  11.5457
3103.456    ,  6.7474
3103.477    ,  3.5156
3103.499    ,  1.6399
3103.52    ,  .6841
3103.542    ,  .2581
3103.563    ,  .0861
3103.584    ,  .0256
3103.606    ,  .0068
3103.627    ,  .0016
3103.649    ,  .0003
3103.67    ,  .0001
3103.692    ,  .0000
3103.713    ,  .0000
3103.734    ,  .0000
3103.756    ,  .0000
3103.777    ,  .0000
3103.799    ,  .0000
3103.82    ,  .0000
3103.842    ,  .0000
3103.863    ,  .0000
3103.885    ,  .0000
3103.906    ,  .0000
3103.927    ,  .0000
3103.949    ,  .0000
3103.97    ,  .0000
3103.992    ,  .0000
3104.013    ,  .0000
3104.034    ,  .0000
3104.056    ,  .0000
3104.077    ,  .0000
3104.099    ,  .0000
3104.12    ,  .0000
3104.142    ,  .0000
3104.163    ,  .0000
3104.185    ,  .0000
3104.206    ,  .0000
3104.227    ,  .0000
3104.249    ,  .0000
3104.27    ,  .0000
3104.292    ,  .0000
3104.313    ,  .0000
3104.334    ,  .0000
3104.356    ,  .0000
3104.377    ,  .0000
3104.399    ,  .0000
3104.42    ,  .0000
3104.442    ,  .0000
3104.463    ,  .0000
3104.484    ,  .0000
3104.506    ,  .0000
3104.527    ,  .0000
3104.549    ,  .0000
3104.57    ,  .0000
3104.592    ,  .0000
3104.613    ,  .0000
3104.635    ,  .0000
3104.656    ,  .0000
3104.677    ,  .0000
3104.699    ,  .0000
3104.72    ,  .0000
3104.742    ,  .0000
3104.763    ,  .0000
3104.784    ,  .0000
3104.806    ,  .0000
3104.827    ,  .0000
3104.849    ,  .0000
3104.87    ,  .0000
3104.892    ,  .0000
3104.913    ,  .0000
3104.935    ,  .0000
3104.956    ,  .0000
3104.977    ,  .0000
3104.999    ,  .0000
3105.02    ,  .0000
3105.042    ,  .0000
3105.063    ,  .0000
3105.084    ,  .0000
3105.106    ,  .0000
3105.127    ,  .0000
3105.149    ,  .0000
3105.17    ,  .0000
3105.192    ,  .0000
3105.213    ,  .0000
3105.234    ,  .0000
3105.256    ,  .0000
3105.277    ,  .0000
3105.299    ,  .0001
3105.32    ,  .0001
3105.342    ,  .0002
3105.363    ,  .0003
3105.385    ,  .0003
3105.406    ,  .0004
3105.427    ,  .0004
3105.449    ,  .0004
3105.47    ,  .0004
3105.492    ,  .0004
3105.513    ,  .0007
3105.534    ,  .0012
3105.556    ,  .0023
3105.577    ,  .0040
3105.599    ,  .0062
3105.62    ,  .0086
3105.642    ,  .0107
3105.663    ,  .0118
3105.685    ,  .0117
3105.706    ,  .0103
3105.727    ,  .0082
3105.749    ,  .0058
3105.77    ,  .0040
3105.792    ,  .0037
3105.813    ,  .0074
3105.834    ,  .0221
3105.856    ,  .0660
3105.877    ,  .1783
3105.899    ,  .4269
3105.92    ,  .9222
3105.942    ,  1.7782
3105.963    ,  3.0601
3105.984    ,  4.6800
3106.006    ,  6.4234
3106.027    ,  7.8683
3106.049    ,  8.6020
3106.07    ,  8.4007
3106.092    ,  7.3248
3106.113    ,  5.6999
3106.135    ,  3.9586
3106.156    ,  2.4537
3106.177    ,  1.3674
3106.199    ,  .6760
3106.22    ,  .2983
3106.242    ,  .1176
3106.263    ,  .0426
3106.284    ,  .0165
3106.306    ,  .0163
3106.327    ,  .0432
3106.349    ,  .1255
3106.37    ,  .3360
3106.392    ,  .8039
3106.413    ,  1.7168
3106.435    ,  3.2723
3106.456    ,  5.5367
3106.477    ,  8.4168
3106.499    ,  11.4193
3106.52    ,  13.8270
3106.542    ,  14.9385
3106.563    ,  14.4261
3106.584    ,  12.4333
3106.606    ,  9.5636
3106.627    ,  6.5653
3106.649    ,  4.0474
3106.67    ,  2.2159
3106.692    ,  1.0828
3106.713    ,  .4722
3106.734    ,  .1859
3106.756    ,  .0646
3106.777    ,  .0201
3106.799    ,  .0056
3106.82    ,  .0014
3106.842    ,  .0003
3106.863    ,  .0001
3106.885    ,  .0000
3106.906    ,  .0000
3106.927    ,  .0000
3106.949    ,  .0000
3106.97    ,  .0000
3106.992    ,  .0000
3107.013    ,  .0000
3107.034    ,  .0000
3107.056    ,  .0000
3107.077    ,  .0000
3107.099    ,  .0000
3107.12    ,  .0000
3107.142    ,  .0000
3107.163    ,  .0002
3107.185    ,  .0007
3107.206    ,  .0028
3107.227    ,  .0099
3107.249    ,  .0319
3107.27    ,  .0917
3107.292    ,  .2332
3107.313    ,  .5378
3107.334    ,  1.1144
3107.356    ,  2.0845
3107.377    ,  3.5430
3107.399    ,  5.4982
3107.42    ,  7.9635
3107.442    ,  10.8467
3107.463    ,  14.0398
3107.484    ,  17.3019
3107.506    ,  20.3096
3107.527    ,  22.4063
3107.549    ,  22.9314
3107.57    ,  21.5401
3107.592    ,  18.3745
3107.613    ,  14.1451
3107.635    ,  9.7853
3107.656    ,  6.0666
3107.677    ,  3.3899
3107.699    ,  1.6829
3107.72    ,  .7463
3107.742    ,  .2955
3107.763    ,  .1058
3107.784    ,  .0334
3107.806    ,  .0094
3107.827    ,  .0024
3107.849    ,  .0005
3107.87    ,  .0001
3107.892    ,  .0000
3107.913    ,  .0000
3107.935    ,  .0000
3107.956    ,  .0000
3107.977    ,  .0000
3107.999    ,  .0000
3108.02    ,  .0000
3108.042    ,  .0000
3108.063    ,  .0000
3108.084    ,  .0000
3108.106    ,  .0000
3108.127    ,  .0000
3108.149    ,  .0000
3108.17    ,  .0000
3108.192    ,  .0000
3108.213    ,  .0000
3108.234    ,  .0000
3108.256    ,  .0000
3108.277    ,  .0000
3108.299    ,  .0000
3108.32    ,  .0000
3108.342    ,  .0000
3108.363    ,  .0000
3108.385    ,  .0000
3108.406    ,  .0000
3108.427    ,  .0000
3108.449    ,  .0000
3108.47    ,  .0000
3108.492    ,  .0000
3108.513    ,  .0000
3108.534    ,  .0000
3108.556    ,  .0000
3108.577    ,  .0000
3108.599    ,  .0000
3108.62    ,  .0000
3108.642    ,  .0000
3108.663    ,  .0000
3108.685    ,  .0000
3108.706    ,  .0000
3108.727    ,  .0000
3108.749    ,  .0000
3108.77    ,  .0000
3108.792    ,  .0000
3108.813    ,  .0000
3108.834    ,  .0000
3108.856    ,  .0000
3108.877    ,  .0000
3108.899    ,  .0000
3108.92    ,  .0000
3108.942    ,  .0000
3108.963    ,  .0000
3108.984    ,  .0000
3109.006    ,  .0000
3109.027    ,  .0000
3109.049    ,  .0001
3109.07    ,  .0001
3109.092    ,  .0001
3109.113    ,  .0000
3109.135    ,  .0000
3109.156    ,  .0000
3109.177    ,  .0001
3109.199    ,  .0002
3109.22    ,  .0003
3109.242    ,  .0006
3109.263    ,  .0009
3109.284    ,  .0013
3109.306    ,  .0017
3109.327    ,  .0019
3109.349    ,  .0019
3109.37    ,  .0017
3109.392    ,  .0014
3109.413    ,  .0010
3109.435    ,  .0007
3109.456    ,  .0004
3109.477    ,  .0002
3109.499    ,  .0001
3109.52    ,  .0000
3109.542    ,  .0000
3109.563    ,  .0000
3109.584    ,  .0000
3109.606    ,  .0000
3109.627    ,  .0000
3109.649    ,  .0000
3109.67    ,  .0000
3109.692    ,  .0000
3109.713    ,  .0000
3109.734    ,  .0000
3109.756    ,  .0000
3109.777    ,  .0000
3109.799    ,  .0000
3109.82    ,  .0000
3109.842    ,  .0000
3109.863    ,  .0000
3109.885    ,  .0000
3109.906    ,  .0000
3109.927    ,  .0000
3109.949    ,  .0000
3109.97    ,  .0000
3109.992    ,  .0000
3110.013    ,  .0000
3110.034    ,  .0000
3110.056    ,  .0000
3110.077    ,  .0000
3110.099    ,  .0000
3110.12    ,  .0001
3110.142    ,  .0001
3110.163    ,  .0002
3110.185    ,  .0002
3110.206    ,  .0003
3110.227    ,  .0003
3110.249    ,  .0003
3110.27    ,  .0002
3110.292    ,  .0002
3110.313    ,  .0001
3110.334    ,  .0001
3110.356    ,  .0000
3110.377    ,  .0000
3110.399    ,  .0000
3110.42    ,  .0000
3110.442    ,  .0000
3110.463    ,  .0000
3110.484    ,  .0000
3110.506    ,  .0000
3110.527    ,  .0000
3110.549    ,  .0000
3110.57    ,  .0000
3110.592    ,  .0000
3110.613    ,  .0000
3110.635    ,  .0000
3110.656    ,  .0000
3110.677    ,  .0000
3110.699    ,  .0000
3110.72    ,  .0000
3110.742    ,  .0000
3110.763    ,  .0000
3110.784    ,  .0000
3110.806    ,  .0000
3110.827    ,  .0000
3110.849    ,  .0000
3110.87    ,  .0000
3110.892    ,  .0000
3110.913    ,  .0000
3110.935    ,  .0000
3110.956    ,  .0000
3110.977    ,  .0000
3110.999    ,  .0000
3111.02    ,  .0000
3111.042    ,  .0000
3111.063    ,  .0000
3111.084    ,  .0000
3111.106    ,  .0000
3111.127    ,  .0000
3111.149    ,  .0000
3111.17    ,  .0000
3111.192    ,  .0000
3111.213    ,  .0000
3111.234    ,  .0000
3111.256    ,  .0000
3111.277    ,  .0000
3111.299    ,  .0000
3111.32    ,  .0000
3111.342    ,  .0000
3111.363    ,  .0000
3111.385    ,  .0000
3111.406    ,  .0000
3111.427    ,  .0000
3111.449    ,  .0000
3111.47    ,  .0000
3111.492    ,  .0000
3111.513    ,  .0000
3111.534    ,  .0000
3111.556    ,  .0000
3111.577    ,  .0000
3111.599    ,  .0000
3111.62    ,  .0000
3111.642    ,  .0000
3111.663    ,  .0000
3111.685    ,  .0000
3111.706    ,  .0000
3111.727    ,  .0000
3111.749    ,  .0000
3111.77    ,  .0001
3111.792    ,  .0004
3111.813    ,  .0017
3111.834    ,  .0062
3111.856    ,  .0207
3111.877    ,  .0617
3111.899    ,  .1635
3111.92    ,  .3941
3111.942    ,  .8543
3111.963    ,  1.6678
3111.984    ,  2.9215
3112.006    ,  4.6675
3112.027    ,  6.7890
3112.049    ,  9.0606
3112.07    ,  11.1895
3112.092    ,  13.0066
3112.113    ,  14.3534
3112.135    ,  15.1368
3112.156    ,  15.2351
3112.177    ,  14.5204
3112.199    ,  12.9261
3112.22    ,  10.6122
3112.242    ,  7.9500
3112.263    ,  5.4192
3112.284    ,  3.3143
3112.306    ,  1.8193
3112.327    ,  .8944
3112.349    ,  .3972
3112.37    ,  .1563
3112.392    ,  .0549
3112.413    ,  .0172
3112.435    ,  .0048
3112.456    ,  .0012
3112.477    ,  .0003
3112.499    ,  .0001
3112.52    ,  .0000
3112.542    ,  .0000
3112.563    ,  .0000
3112.584    ,  .0000
3112.606    ,  .0000
3112.627    ,  .0000
3112.649    ,  .0000
3112.67    ,  .0000
3112.692    ,  .0000
3112.713    ,  .0000
3112.734    ,  .0000
3112.756    ,  .0000
3112.777    ,  .0001
3112.799    ,  .0005
3112.82    ,  .0019
3112.842    ,  .0071
3112.863    ,  .0233
3112.885    ,  .0684
3112.906    ,  .1792
3112.927    ,  .4152
3112.949    ,  .8674
3112.97    ,  1.6175
3112.992    ,  2.6917
3113.013    ,  3.9824
3113.034    ,  5.2855
3113.056    ,  6.2609
3113.077    ,  6.6187
3113.099    ,  6.2528
3113.12    ,  5.2719
3113.142    ,  3.9670
3113.163    ,  2.6641
3113.185    ,  1.5967
3113.206    ,  .8608
3113.227    ,  .4115
3113.249    ,  .1756
3113.27    ,  .0669
3113.292    ,  .0231
3113.313    ,  .0072
3113.334    ,  .0021
3113.356    ,  .0007
3113.377    ,  .0004
3113.399    ,  .0003
3113.42    ,  .0002
3113.442    ,  .0002
3113.463    ,  .0001
3113.484    ,  .0001
3113.506    ,  .0000
3113.527    ,  .0000
3113.549    ,  .0000
3113.57    ,  .0000
3113.592    ,  .0000
3113.613    ,  .0000
3113.635    ,  .0000
3113.656    ,  .0000
3113.677    ,  .0000
3113.699    ,  .0000
3113.72    ,  .0000
3113.742    ,  .0000
3113.763    ,  .0000
3113.784    ,  .0000
3113.806    ,  .0000
3113.827    ,  .0000
3113.849    ,  .0000
3113.87    ,  .0000
3113.892    ,  .0000
3113.913    ,  .0000
3113.935    ,  .0000
3113.956    ,  .0000
3113.977    ,  .0000
3113.999    ,  .0000
3114.02    ,  .0000
3114.042    ,  .0000
3114.063    ,  .0000
3114.084    ,  .0000
3114.106    ,  .0000
3114.127    ,  .0000
3114.149    ,  .0000
3114.17    ,  .0000
3114.192    ,  .0000
3114.213    ,  .0000
3114.234    ,  .0000
3114.256    ,  .0000
3114.277    ,  .0000
3114.299    ,  .0000
3114.32    ,  .0000
3114.342    ,  .0000
3114.363    ,  .0000
3114.385    ,  .0000
3114.406    ,  .0000
3114.427    ,  .0000
3114.449    ,  .0000
3114.47    ,  .0000
3114.492    ,  .0000
3114.513    ,  .0000
3114.534    ,  .0000
3114.556    ,  .0000
3114.577    ,  .0000
3114.599    ,  .0000
3114.62    ,  .0000
3114.642    ,  .0000
3114.663    ,  .0000
3114.685    ,  .0000
3114.706    ,  .0000
3114.727    ,  .0000
3114.749    ,  .0000
3114.77    ,  .0000
3114.792    ,  .0000
3114.813    ,  .0000
3114.834    ,  .0000
3114.856    ,  .0000
3114.877    ,  .0000
3114.899    ,  .0000
3114.92    ,  .0000
3114.942    ,  .0000
3114.963    ,  .0000
3114.984    ,  .0000
3115.006    ,  .0000
3115.027    ,  .0000
3115.049    ,  .0000
3115.07    ,  .0000
3115.092    ,  .0000
3115.113    ,  .0000
3115.135    ,  .0000
3115.156    ,  .0000
3115.177    ,  .0000
3115.199    ,  .0000
3115.22    ,  .0000
3115.242    ,  .0000
3115.263    ,  .0000
3115.284    ,  .0000
3115.306    ,  .0000
3115.327    ,  .0000
3115.349    ,  .0000
3115.37    ,  .0000
3115.392    ,  .0000
3115.413    ,  .0000
3115.435    ,  .0000
3115.456    ,  .0000
3115.477    ,  .0000
3115.499    ,  .0000
3115.52    ,  .0000
3115.542    ,  .0000
3115.563    ,  .0000
3115.584    ,  .0000
3115.606    ,  .0000
3115.627    ,  .0000
3115.649    ,  .0000
3115.67    ,  .0000
3115.692    ,  .0000
3115.713    ,  .0000
3115.734    ,  .0000
3115.756    ,  .0000
3115.777    ,  .0000
3115.799    ,  .0000
3115.82    ,  .0000
3115.842    ,  .0000
3115.863    ,  .0000
3115.885    ,  .0000
3115.906    ,  .0000
3115.927    ,  .0000
3115.949    ,  .0000
3115.97    ,  .0000
3115.992    ,  .0000
3116.013    ,  .0000
3116.034    ,  .0000
3116.056    ,  .0000
3116.077    ,  .0000
3116.099    ,  .0000
3116.12    ,  .0000
3116.142    ,  .0000
3116.163    ,  .0000
3116.185    ,  .0000
3116.206    ,  .0000
3116.227    ,  .0000
3116.249    ,  .0000
3116.27    ,  .0000
3116.292    ,  .0000
3116.313    ,  .0000
3116.334    ,  .0000
3116.356    ,  .0000
3116.377    ,  .0000
3116.399    ,  .0000
3116.42    ,  .0000
3116.442    ,  .0000
3116.463    ,  .0000
3116.484    ,  .0000
3116.506    ,  .0000
3116.527    ,  .0000
3116.549    ,  .0000
3116.57    ,  .0000
3116.592    ,  .0000
3116.613    ,  .0000
3116.635    ,  .0000
3116.656    ,  .0000
3116.677    ,  .0000
3116.699    ,  .0000
3116.72    ,  .0000
3116.742    ,  .0000
3116.763    ,  .0000
3116.784    ,  .0001
3116.806    ,  .0006
3116.827    ,  .0019
3116.849    ,  .0060
3116.87    ,  .0166
3116.892    ,  .0413
3116.913    ,  .0915
3116.935    ,  .1815
3116.956    ,  .3206
3116.977    ,  .5132
3116.999    ,  .7454
3117.02    ,  .9984
3117.042    ,  1.2646
3117.063    ,  1.5812
3117.084    ,  2.0116
3117.106    ,  2.6201
3117.127    ,  3.4031
3117.149    ,  4.2316
3117.17    ,  4.9058
3117.192    ,  5.1840
3117.213    ,  4.9399
3117.234    ,  4.2323
3117.256    ,  3.2401
3117.277    ,  2.2163
3117.299    ,  1.3537
3117.32    ,  .7437
3117.342    ,  .3624
3117.363    ,  .1576
3117.385    ,  .0612
3117.406    ,  .0212
3117.427    ,  .0066
3117.449    ,  .0018
3117.47    ,  .0005
3117.492    ,  .0001
3117.513    ,  .0000
3117.534    ,  .0000
3117.556    ,  .0000
3117.577    ,  .0000
3117.599    ,  .0001
3117.62    ,  .0003
3117.642    ,  .0012
3117.663    ,  .0044
3117.685    ,  .0136
3117.706    ,  .0374
3117.727    ,  .0930
3117.749    ,  .2065
3117.77    ,  .4091
3117.792    ,  .7192
3117.813    ,  1.1366
3117.834    ,  1.6030
3117.856    ,  2.0177
3117.877    ,  2.2666
3117.899    ,  2.2738
3117.92    ,  2.0372
3117.942    ,  1.6290
3117.963    ,  1.1625
3117.984    ,  .7447
3118.006    ,  .4238
3118.027    ,  .2153
3118.049    ,  .0976
3118.07    ,  .0399
3118.092    ,  .0144
3118.113    ,  .0047
3118.135    ,  .0013
3118.156    ,  .0003
3118.177    ,  .0001
3118.199    ,  .0000
3118.22    ,  .0000
3118.242    ,  .0000
3118.263    ,  .0000
3118.284    ,  .0000
3118.306    ,  .0000
3118.327    ,  .0000
3118.349    ,  .0000
3118.37    ,  .0000
3118.392    ,  .0000
3118.413    ,  .0000
3118.435    ,  .0000
3118.456    ,  .0000
3118.477    ,  .0000
3118.499    ,  .0000
3118.52    ,  .0000
3118.542    ,  .0000
3118.563    ,  .0000
3118.584    ,  .0000
3118.606    ,  .0000
3118.627    ,  .0000
3118.649    ,  .0000
3118.67    ,  .0000
3118.692    ,  .0000
3118.713    ,  .0000
3118.734    ,  .0000
3118.756    ,  .0000
3118.777    ,  .0000
3118.799    ,  .0000
3118.82    ,  .0000
3118.842    ,  .0000
3118.863    ,  .0000
3118.885    ,  .0000
3118.906    ,  .0000
3118.927    ,  .0000
3118.949    ,  .0000
3118.97    ,  .0000
3118.992    ,  .0000
3119.013    ,  .0000
3119.034    ,  .0000
3119.056    ,  .0000
3119.077    ,  .0000
3119.099    ,  .0000
3119.12    ,  .0000
3119.142    ,  .0000
3119.163    ,  .0000
3119.185    ,  .0000
3119.206    ,  .0000
3119.227    ,  .0000
3119.249    ,  .0000
3119.27    ,  .0000
3119.292    ,  .0000
3119.313    ,  .0000
3119.334    ,  .0000
3119.356    ,  .0000
3119.377    ,  .0000
3119.399    ,  .0000
3119.42    ,  .0000
3119.442    ,  .0000
3119.463    ,  .0000
3119.484    ,  .0000
3119.506    ,  .0000
3119.527    ,  .0000
3119.549    ,  .0000
3119.57    ,  .0000
3119.592    ,  .0000
3119.613    ,  .0000
3119.635    ,  .0000
3119.656    ,  .0000
3119.677    ,  .0000
3119.699    ,  .0000
3119.72    ,  .0000
3119.742    ,  .0000
3119.763    ,  .0000
3119.784    ,  .0000
3119.806    ,  .0000
3119.827    ,  .0000
3119.849    ,  .0000
3119.87    ,  .0000
3119.892    ,  .0000
3119.913    ,  .0000
3119.935    ,  .0000
3119.956    ,  .0000
3119.977    ,  .0000
3119.999    ,  .0000
3120.02    ,  .0000
3120.042    ,  .0000
3120.063    ,  .0000
3120.084    ,  .0000
3120.106    ,  .0000
3120.127    ,  .0000
3120.149    ,  .0000
3120.17    ,  .0000
3120.192    ,  .0000
3120.213    ,  .0000
3120.234    ,  .0000
3120.256    ,  .0000
3120.277    ,  .0000
3120.299    ,  .0002
3120.32    ,  .0008
3120.342    ,  .0030
3120.363    ,  .0101
3120.385    ,  .0306
3120.406    ,  .0827
3120.427    ,  .1979
3120.449    ,  .4270
3120.47    ,  .8224
3120.492    ,  1.4136
3120.513    ,  2.1594
3120.534    ,  2.9601
3120.556    ,  3.6215
3120.577    ,  3.9543
3120.599    ,  3.8570
3120.62    ,  3.3587
3120.642    ,  2.6104
3120.663    ,  1.8106
3120.685    ,  1.1208
3120.706    ,  .6238
3120.727    ,  .3080
3120.749    ,  .1357
3120.77    ,  .0534
3120.792    ,  .0190
3120.813    ,  .0059
3120.834    ,  .0017
3120.856    ,  .0004
3120.877    ,  .0001
3120.899    ,  .0000
3120.92    ,  .0000
3120.942    ,  .0000
3120.963    ,  .0000
3120.984    ,  .0000
3121.006    ,  .0000
3121.027    ,  .0000
3121.049    ,  .0000
3121.07    ,  .0000
3121.092    ,  .0000
3121.113    ,  .0000
3121.135    ,  .0000
3121.156    ,  .0000
3121.177    ,  .0000
3121.199    ,  .0000
3121.22    ,  .0000
3121.242    ,  .0000
3121.263    ,  .0000
3121.284    ,  .0000
3121.306    ,  .0000
3121.327    ,  .0000
3121.349    ,  .0000
3121.37    ,  .0000
3121.392    ,  .0000
3121.413    ,  .0000
3121.435    ,  .0000
3121.456    ,  .0000
3121.477    ,  .0000
3121.499    ,  .0000
3121.52    ,  .0000
3121.542    ,  .0000
3121.563    ,  .0000
3121.584    ,  .0000
3121.606    ,  .0000
3121.627    ,  .0000
3121.649    ,  .0000
3121.67    ,  .0000
3121.692    ,  .0000
3121.713    ,  .0000
3121.734    ,  .0000
3121.756    ,  .0000
3121.777    ,  .0000
3121.799    ,  .0000
3121.82    ,  .0000
3121.842    ,  .0000
3121.863    ,  .0000
3121.885    ,  .0000
3121.906    ,  .0000
3121.927    ,  .0000
3121.949    ,  .0000
3121.97    ,  .0000
3121.992    ,  .0000
3122.013    ,  .0000
3122.034    ,  .0000
3122.056    ,  .0000
3122.077    ,  .0000
3122.099    ,  .0000
3122.12    ,  .0000
3122.142    ,  .0001
3122.163    ,  .0002
3122.185    ,  .0008
3122.206    ,  .0024
3122.227    ,  .0065
3122.249    ,  .0156
3122.27    ,  .0335
3122.292    ,  .0637
3122.313    ,  .1091
3122.334    ,  .1676
3122.356    ,  .2322
3122.377    ,  .2941
3122.399    ,  .3499
3122.42    ,  .4121
3122.442    ,  .5080
3122.463    ,  .6729
3122.484    ,  .9241
3122.506    ,  1.2500
3122.527    ,  1.5839
3122.549    ,  1.8311
3122.57    ,  1.9077
3122.592    ,  1.7831
3122.613    ,  1.4899
3122.635    ,  1.1119
3122.656    ,  .7408
3122.677    ,  .4434
3122.699    ,  .2356
3122.72    ,  .1118
3122.742    ,  .0473
3122.763    ,  .0181
3122.784    ,  .0061
3122.806    ,  .0018
3122.827    ,  .0005
3122.849    ,  .0001
3122.87    ,  .0000
3122.892    ,  .0000
3122.913    ,  .0000
3122.935    ,  .0000
3122.956    ,  .0000
3122.977    ,  .0000
3122.999    ,  .0000
3123.02    ,  .0000
3123.042    ,  .0000
3123.063    ,  .0000
3123.084    ,  .0000
3123.106    ,  .0000
3123.127    ,  .0000
3123.149    ,  .0000
3123.17    ,  .0000
3123.192    ,  .0000
3123.213    ,  .0000
3123.234    ,  .0000
3123.256    ,  .0000
3123.277    ,  .0000
3123.299    ,  .0000
3123.32    ,  .0000
3123.342    ,  .0000
3123.363    ,  .0000
3123.385    ,  .0000
3123.406    ,  .0000
3123.427    ,  .0000
3123.449    ,  .0000
3123.47    ,  .0000
3123.492    ,  .0000
3123.513    ,  .0000
3123.534    ,  .0000
3123.556    ,  .0000
3123.577    ,  .0000
3123.599    ,  .0000
3123.62    ,  .0000
3123.642    ,  .0000
3123.663    ,  .0000
3123.685    ,  .0001
3123.706    ,  .0005
3123.727    ,  .0017
3123.749    ,  .0052
3123.77    ,  .0141
3123.792    ,  .0338
3123.813    ,  .0732
3123.834    ,  .1415
3123.856    ,  .2442
3123.877    ,  .3761
3123.899    ,  .5153
3123.92    ,  .6329
3123.942    ,  .6937
3123.963    ,  .6787
3123.984    ,  .5938
3124.006    ,  .4633
3124.027    ,  .3226
3124.049    ,  .2005
3124.07    ,  .1120
3124.092    ,  .0555
3124.113    ,  .0246
3124.135    ,  .0097
3124.156    ,  .0034
3124.177    ,  .0011
3124.199    ,  .0003
3124.22    ,  .0001
3124.242    ,  .0000
3124.263    ,  .0000
3124.284    ,  .0000
3124.306    ,  .0000
3124.327    ,  .0000
3124.349    ,  .0000
3124.37    ,  .0000
3124.392    ,  .0000
3124.413    ,  .0000
3124.435    ,  .0000
3124.456    ,  .0000
3124.477    ,  .0000
3124.499    ,  .0000
3124.52    ,  .0000
3124.542    ,  .0000
3124.563    ,  .0000
3124.584    ,  .0000
3124.606    ,  .0000
3124.627    ,  .0000
3124.649    ,  .0000
3124.67    ,  .0000
3124.692    ,  .0000
3124.713    ,  .0000
3124.734    ,  .0000
3124.756    ,  .0000
3124.777    ,  .0000
3124.799    ,  .0000
3124.82    ,  .0000
3124.842    ,  .0000
3124.863    ,  .0000
3124.885    ,  .0000
3124.906    ,  .0000
3124.927    ,  .0000
3124.949    ,  .0000
3124.97    ,  .0000
3124.992    ,  .0000
3125.013    ,  .0000
3125.034    ,  .0000
3125.056    ,  .0000
3125.077    ,  .0000
3125.099    ,  .0000
3125.12    ,  .0000
3125.142    ,  .0000
3125.163    ,  .0000
3125.185    ,  .0000
3125.206    ,  .0000
3125.227    ,  .0000
3125.249    ,  .0000
3125.27    ,  .0000
3125.292    ,  .0000
3125.313    ,  .0000
3125.334    ,  .0000
3125.356    ,  .0000
3125.377    ,  .0000
3125.399    ,  .0000
3125.42    ,  .0000
3125.442    ,  .0000
3125.463    ,  .0000
3125.484    ,  .0000
3125.506    ,  .0000
3125.527    ,  .0000
3125.549    ,  .0000
3125.57    ,  .0000
3125.592    ,  .0000
3125.613    ,  .0000
3125.635    ,  .0000
3125.656    ,  .0000
3125.677    ,  .0000
3125.699    ,  .0000
3125.72    ,  .0000
3125.742    ,  .0000
3125.763    ,  .0000
3125.784    ,  .0000
3125.806    ,  .0000
3125.827    ,  .0000
3125.849    ,  .0000
3125.87    ,  .0000
3125.892    ,  .0000
3125.913    ,  .0000
3125.935    ,  .0000
3125.956    ,  .0000
3125.977    ,  .0000
3125.999    ,  .0000
3126.02    ,  .0000
3126.042    ,  .0000
3126.063    ,  .0000
3126.084    ,  .0000
3126.106    ,  .0000
3126.127    ,  .0000
3126.149    ,  .0000
3126.17    ,  .0000
3126.192    ,  .0000
3126.213    ,  .0000
3126.234    ,  .0000
3126.256    ,  .0000
3126.277    ,  .0000
3126.299    ,  .0000
3126.32    ,  .0000
3126.342    ,  .0000
3126.363    ,  .0000
3126.385    ,  .0000
3126.406    ,  .0000
3126.427    ,  .0000
3126.449    ,  .0000
3126.47    ,  .0000
3126.492    ,  .0000
3126.513    ,  .0000
3126.534    ,  .0000
3126.556    ,  .0000
3126.577    ,  .0000
3126.599    ,  .0000
3126.62    ,  .0000
3126.642    ,  .0000
3126.663    ,  .0000
3126.685    ,  .0000
3126.706    ,  .0000
3126.727    ,  .0000
3126.749    ,  .0000
3126.77    ,  .0000
3126.792    ,  .0000
3126.813    ,  .0000
3126.834    ,  .0000
3126.856    ,  .0000
3126.877    ,  .0000
3126.899    ,  .0000
3126.92    ,  .0000
3126.942    ,  .0000
3126.963    ,  .0000
3126.984    ,  .0000
3127.006    ,  .0000
3127.027    ,  .0000
3127.049    ,  .0000
3127.07    ,  .0000
3127.092    ,  .0000
3127.113    ,  .0000
3127.135    ,  .0000
3127.156    ,  .0000
3127.177    ,  .0000
3127.199    ,  .0000
3127.22    ,  .0000
3127.242    ,  .0000
3127.263    ,  .0000
3127.284    ,  .0000
3127.306    ,  .0000
3127.327    ,  .0000
3127.349    ,  .0000
3127.37    ,  .0000
3127.392    ,  .0000
3127.413    ,  .0000
3127.435    ,  .0000
3127.456    ,  .0000
3127.477    ,  .0000
3127.499    ,  .0000
3127.52    ,  .0000
3127.542    ,  .0000
3127.563    ,  .0000
3127.584    ,  .0000
3127.606    ,  .0000
3127.627    ,  .0000
3127.649    ,  .0000
3127.67    ,  .0000
3127.692    ,  .0000
3127.713    ,  .0000
3127.734    ,  .0000
3127.756    ,  .0000
3127.777    ,  .0000
3127.799    ,  .0000
3127.82    ,  .0000
3127.842    ,  .0000
3127.863    ,  .0001
3127.885    ,  .0002
3127.906    ,  .0007
3127.927    ,  .0018
3127.949    ,  .0042
3127.97    ,  .0090
3127.992    ,  .0170
3128.013    ,  .0286
3128.034    ,  .0434
3128.056    ,  .0589
3128.077    ,  .0723
3128.099    ,  .0816
3128.12    ,  .0890
3128.142    ,  .1009
3128.163    ,  .1283
3128.185    ,  .1822
3128.206    ,  .2662
3128.227    ,  .3745
3128.249    ,  .4844
3128.27    ,  .5660
3128.292    ,  .5940
3128.313    ,  .5621
3128.334    ,  .4868
3128.356    ,  .4063
3128.377    ,  .3695
3128.399    ,  .4210
3128.42    ,  .5923
3128.442    ,  .8840
3128.463    ,  1.2550
3128.484    ,  1.6184
3128.506    ,  1.8804
3128.527    ,  1.9533
3128.549    ,  1.8119
3128.57    ,  1.5043
3128.592    ,  1.1131
3128.613    ,  .7350
3128.635    ,  .4332
3128.656    ,  .2279
3128.677    ,  .1080
3128.699    ,  .0453
3128.72    ,  .0170
3128.742    ,  .0057
3128.763    ,  .0017
3128.784    ,  .0005
3128.806    ,  .0001
3128.827    ,  .0000
3128.849    ,  .0000
3128.87    ,  .0000
3128.892    ,  .0000
3128.913    ,  .0000
3128.935    ,  .0000
3128.956    ,  .0000
3128.977    ,  .0000
3128.999    ,  .0000
3129.02    ,  .0000
3129.042    ,  .0000
3129.063    ,  .0000
3129.084    ,  .0000
3129.106    ,  .0000
3129.127    ,  .0000
3129.149    ,  .0000
3129.17    ,  .0000
3129.192    ,  .0000
3129.213    ,  .0000
3129.234    ,  .0000
3129.256    ,  .0000
3129.277    ,  .0000
3129.299    ,  .0000
3129.32    ,  .0000
3129.342    ,  .0000
3129.363    ,  .0000
3129.385    ,  .0000
3129.406    ,  .0000
3129.427    ,  .0000
3129.449    ,  .0000
3129.47    ,  .0000
3129.492    ,  .0000
3129.513    ,  .0000
3129.534    ,  .0000
3129.556    ,  .0000
3129.577    ,  .0000
3129.599    ,  .0000
3129.62    ,  .0000
3129.642    ,  .0000
3129.663    ,  .0000
3129.685    ,  .0000
3129.706    ,  .0000
3129.727    ,  .0000
3129.749    ,  .0000
3129.77    ,  .0000
3129.792    ,  .0000
3129.813    ,  .0000
3129.834    ,  .0000
3129.856    ,  .0000
3129.877    ,  .0000
3129.899    ,  .0000
3129.92    ,  .0000
3129.942    ,  .0000
3129.963    ,  .0000
3129.984    ,  .0000
3130.006    ,  .0000
3130.027    ,  .0001
3130.049    ,  .0003
3130.07    ,  .0008
3130.092    ,  .0023
3130.113    ,  .0058
3130.135    ,  .0133
3130.156    ,  .0271
3130.177    ,  .0490
3130.199    ,  .0796
3130.22    ,  .1156
3130.242    ,  .1496
3130.263    ,  .1728
3130.284    ,  .1785
3130.306    ,  .1645
3130.327    ,  .1353
3130.349    ,  .0998
3130.37    ,  .0655
3130.392    ,  .0383
3130.413    ,  .0200
3130.435    ,  .0093
3130.456    ,  .0039
3130.477    ,  .0015
3130.499    ,  .0005
3130.52    ,  .0001
3130.542    ,  .0000
3130.563    ,  .0000
3130.584    ,  .0000
3130.606    ,  .0000
3130.627    ,  .0000
3130.649    ,  .0000
3130.67    ,  .0000
3130.692    ,  .0000
3130.713    ,  .0000
3130.734    ,  .0000
3130.756    ,  .0000
3130.777    ,  .0000
3130.799    ,  .0000
3130.82    ,  .0000
3130.842    ,  .0000
3130.863    ,  .0000
3130.885    ,  .0000
3130.906    ,  .0000
3130.927    ,  .0000
3130.949    ,  .0000
3130.97    ,  .0000
3130.992    ,  .0000
3131.013    ,  .0000
3131.034    ,  .0000
3131.056    ,  .0000
3131.077    ,  .0000
3131.099    ,  .0000
3131.12    ,  .0000
3131.142    ,  .0000
3131.163    ,  .0000
3131.185    ,  .0000
3131.206    ,  .0000
3131.227    ,  .0000
3131.249    ,  .0000
3131.27    ,  .0000
3131.292    ,  .0000
3131.313    ,  .0000
3131.334    ,  .0000
3131.356    ,  .0000
3131.377    ,  .0000
3131.399    ,  .0000
3131.42    ,  .0000
3131.442    ,  .0000
3131.463    ,  .0000
3131.484    ,  .0000
3131.506    ,  .0000
3131.527    ,  .0000
3131.549    ,  .0000
3131.57    ,  .0000
3131.592    ,  .0000
3131.613    ,  .0000
3131.635    ,  .0000
3131.656    ,  .0000
3131.677    ,  .0000
3131.699    ,  .0000
3131.72    ,  .0000
3131.742    ,  .0000
3131.763    ,  .0000
3131.784    ,  .0000
3131.806    ,  .0000
3131.827    ,  .0000
3131.849    ,  .0000
3131.87    ,  .0000
3131.892    ,  .0000
3131.913    ,  .0000
3131.935    ,  .0000
3131.956    ,  .0000
3131.977    ,  .0000
3131.999    ,  .0000
3132.02    ,  .0000
3132.042    ,  .0000
3132.063    ,  .0000
3132.084    ,  .0000
3132.106    ,  .0000
3132.127    ,  .0000
3132.149    ,  .0000
3132.17    ,  .0000
3132.192    ,  .0000
3132.213    ,  .0000
3132.234    ,  .0000
3132.256    ,  .0000
3132.277    ,  .0000
3132.299    ,  .0000
3132.32    ,  .0000
3132.342    ,  .0000
3132.363    ,  .0000
3132.385    ,  .0000
3132.406    ,  .0000
3132.427    ,  .0000
3132.449    ,  .0000
3132.47    ,  .0000
3132.492    ,  .0000
3132.513    ,  .0000
3132.534    ,  .0000
3132.556    ,  .0000
3132.577    ,  .0000
3132.599    ,  .0000
3132.62    ,  .0000
3132.642    ,  .0000
3132.663    ,  .0000
3132.685    ,  .0000
3132.706    ,  .0000
3132.727    ,  .0000
3132.749    ,  .0000
3132.77    ,  .0000
3132.792    ,  .0000
3132.813    ,  .0000
3132.834    ,  .0000
3132.856    ,  .0000
3132.877    ,  .0000
3132.899    ,  .0000
3132.92    ,  .0000
3132.942    ,  .0000
3132.963    ,  .0000
3132.984    ,  .0000
3133.006    ,  .0000
3133.027    ,  .0000
3133.049    ,  .0000
3133.07    ,  .0000
3133.092    ,  .0000
3133.113    ,  .0000
3133.135    ,  .0000
3133.156    ,  .0000
3133.177    ,  .0000
3133.199    ,  .0000
3133.22    ,  .0000
3133.242    ,  .0000
3133.263    ,  .0000
3133.284    ,  .0000
3133.306    ,  .0000
3133.327    ,  .0000
3133.349    ,  .0000
3133.37    ,  .0000
3133.392    ,  .0000
3133.413    ,  .0000
3133.435    ,  .0000
3133.456    ,  .0000
3133.477    ,  .0000
3133.499    ,  .0000
3133.52    ,  .0000
3133.542    ,  .0000
3133.563    ,  .0000
3133.584    ,  .0000
3133.606    ,  .0000
3133.627    ,  .0000
3133.649    ,  .0000
3133.67    ,  .0000
3133.692    ,  .0000
3133.713    ,  .0000
3133.734    ,  .0000
3133.756    ,  .0000
3133.777    ,  .0000
3133.799    ,  .0000
3133.82    ,  .0000
3133.842    ,  .0000
3133.863    ,  .0000
3133.885    ,  .0000
3133.906    ,  .0000
3133.927    ,  .0001
3133.949    ,  .0002
3133.97    ,  .0005
3133.992    ,  .0012
3134.013    ,  .0024
3134.034    ,  .0043
3134.056    ,  .0071
3134.077    ,  .0104
3134.099    ,  .0136
3134.12    ,  .0160
3134.142    ,  .0171
3134.163    ,  .0174
3134.185    ,  .0182
3134.206    ,  .0218
3134.227    ,  .0312
3134.249    ,  .0487
3134.27    ,  .0742
3134.292    ,  .1040
3134.313    ,  .1324
3134.334    ,  .1509
3134.356    ,  .1538
3134.377    ,  .1399
3134.399    ,  .1140
3134.42    ,  .0827
3134.442    ,  .0536
3134.463    ,  .0310
3134.484    ,  .0161
3134.506    ,  .0074
3134.527    ,  .0031
3134.549    ,  .0011
3134.57    ,  .0004
3134.592    ,  .0001
3134.613    ,  .0000
3134.635    ,  .0000
3134.656    ,  .0000
3134.677    ,  .0000
3134.699    ,  .0000
3134.72    ,  .0000
3134.742    ,  .0000
3134.763    ,  .0000
3134.784    ,  .0000
3134.806    ,  .0000
3134.827    ,  .0000
3134.849    ,  .0000
3134.87    ,  .0000
3134.892    ,  .0000
3134.913    ,  .0000
3134.935    ,  .0000
3134.956    ,  .0000
3134.977    ,  .0000
3134.999    ,  .0000
3135.02    ,  .0000
3135.042    ,  .0000
3135.063    ,  .0000
3135.084    ,  .0000
3135.106    ,  .0000
3135.127    ,  .0000
3135.149    ,  .0000
3135.17    ,  .0000
3135.192    ,  .0000
3135.213    ,  .0000
3135.234    ,  .0000
3135.256    ,  .0000
3135.277    ,  .0000
3135.299    ,  .0000
3135.32    ,  .0000
3135.342    ,  .0000
3135.363    ,  .0000
3135.385    ,  .0000
3135.406    ,  .0000
3135.427    ,  .0000
3135.449    ,  .0000
3135.47    ,  .0000
3135.492    ,  .0000
3135.513    ,  .0000
3135.534    ,  .0000
3135.556    ,  .0000
3135.577    ,  .0000
3135.599    ,  .0000
3135.62    ,  .0000
3135.642    ,  .0000
3135.663    ,  .0000
3135.685    ,  .0000
3135.706    ,  .0000
3135.727    ,  .0000
3135.749    ,  .0000
3135.77    ,  .0000
3135.792    ,  .0000
3135.813    ,  .0000
3135.834    ,  .0000
3135.856    ,  .0000
3135.877    ,  .0000
3135.899    ,  .0000
3135.92    ,  .0000
3135.942    ,  .0000
3135.963    ,  .0000
3135.984    ,  .0000
3136.006    ,  .0000
3136.027    ,  .0000
3136.049    ,  .0000
3136.07    ,  .0000
3136.092    ,  .0000
3136.113    ,  .0000
3136.135    ,  .0000
3136.156    ,  .0000
3136.177    ,  .0000
3136.199    ,  .0000
3136.22    ,  .0000
3136.242    ,  .0000
3136.263    ,  .0000
3136.284    ,  .0000
3136.306    ,  .0000
3136.327    ,  .0000
3136.349    ,  .0000
3136.37    ,  .0000
3136.392    ,  .0000
3136.413    ,  .0000
3136.435    ,  .0000
3136.456    ,  .0000
3136.477    ,  .0000
3136.499    ,  .0000
3136.52    ,  .0000
3136.542    ,  .0000
3136.563    ,  .0000
3136.584    ,  .0001
3136.606    ,  .0002
3136.627    ,  .0008
3136.649    ,  .0027
3136.67    ,  .0079
3136.692    ,  .0208
3136.713    ,  .0491
3136.734    ,  .1027
3136.756    ,  .1935
3136.777    ,  .3255
3136.799    ,  .4891
3136.82    ,  .6545
3136.842    ,  .7853
3136.863    ,  .8417
3136.885    ,  .8059
3136.906    ,  .6895
3136.927    ,  .5290
3136.949    ,  .3619
3136.97    ,  .2214
3136.992    ,  .1211
3137.013    ,  .0597
3137.034    ,  .0262
3137.056    ,  .0103
3137.077    ,  .0036
3137.099    ,  .0011
3137.12    ,  .0003
3137.142    ,  .0001
3137.163    ,  .0000
3137.185    ,  .0000
3137.206    ,  .0000
3137.227    ,  .0000
3137.249    ,  .0000
3137.27    ,  .0000
3137.292    ,  .0000
3137.313    ,  .0000
3137.334    ,  .0000
3137.356    ,  .0000
3137.377    ,  .0000
3137.399    ,  .0000
3137.42    ,  .0000
3137.442    ,  .0000
3137.463    ,  .0000
3137.484    ,  .0000
3137.506    ,  .0000
3137.527    ,  .0000
3137.549    ,  .0000
3137.57    ,  .0000
3137.592    ,  .0000
3137.613    ,  .0000
3137.635    ,  .0000
3137.656    ,  .0000
3137.677    ,  .0000
3137.699    ,  .0000
3137.72    ,  .0000
3137.742    ,  .0000
3137.763    ,  .0000
3137.784    ,  .0000
3137.806    ,  .0000
3137.827    ,  .0000
3137.849    ,  .0000
3137.87    ,  .0000
3137.892    ,  .0000
3137.913    ,  .0000
3137.935    ,  .0000
3137.956    ,  .0000
3137.977    ,  .0000
3137.999    ,  .0000
3138.02    ,  .0000
3138.042    ,  .0000
3138.063    ,  .0000
3138.084    ,  .0000
3138.106    ,  .0000
3138.127    ,  .0000
3138.149    ,  .0000
3138.17    ,  .0000
3138.192    ,  .0000
3138.213    ,  .0000
3138.234    ,  .0000
3138.256    ,  .0000
3138.277    ,  .0000
3138.299    ,  .0000
3138.32    ,  .0000
3138.342    ,  .0000
3138.363    ,  .0000
3138.385    ,  .0000
3138.406    ,  .0000
3138.427    ,  .0000
3138.449    ,  .0000
3138.47    ,  .0000
3138.492    ,  .0000
3138.513    ,  .0000
3138.534    ,  .0000
3138.556    ,  .0000
3138.577    ,  .0000
3138.599    ,  .0000
3138.62    ,  .0000
3138.642    ,  .0000
3138.663    ,  .0000
3138.685    ,  .0000
3138.706    ,  .0000
3138.727    ,  .0000
3138.749    ,  .0000
3138.77    ,  .0000
3138.792    ,  .0000
3138.813    ,  .0000
3138.834    ,  .0000
3138.856    ,  .0000
3138.877    ,  .0000
3138.899    ,  .0000
3138.92    ,  .0000
3138.942    ,  .0000
3138.963    ,  .0000
3138.984    ,  .0000
3139.006    ,  .0000
3139.027    ,  .0000
3139.049    ,  .0000
3139.07    ,  .0000
3139.092    ,  .0000
