2,0
0
-1068.46,1904.13445,-14.088358,10.0467e-3,-1.5331e-4,-9.769e-6,-1.9142e-7,-5.2734e-9,0,0
1.70488847,-1.7541580e-2,-1.48860e-5,0,-4.7275e-8,1.0108e-9,-6.0557e-11,0,0,0
5.46616E-6,1.7032e-8,1.4651E-10,0,2.6355e-12,0,0,0,0,0
1.493e-12,-0.222e-12,0,-2.386e-15,1.944e-16,-0.89e-17,0,0,0,0
0,0,0,0,0,0,0,0,0,0
0,0,0,0,0,0,0,0,0,0
123.252407,-0.235702,-4.0762e-3,-1.8629e-4,0,-2.5207e-7,-2.386e-9,0,0,0
17.809e-5,-0.95235e-5,0,-1.0416e-8,-7.5045E-10,0,0,0,0,0
0,0,0,0,0,0,0,0,0,0
0,0,0,0,0,0,0,0,0,0
0,0,0,0,0,0,0,0,0,0
0,0,0,0,0,0,0,0,0,0
1.178E-2,0,0,0,0,0,0,0,0,0
0,0,0,0,0,0,0,0,0,0
0,0,0,0,0,0,0,0,0,0
1.03E-4 ,0,0,0,0,0,0,0,0,0
0,0,0,0,0,0,0,0,0,0
0,0,0,0,0,0,0,0,0,0
