f[Hz] 	 GabsStart 	 GphiStart 	 GabsFit 	 GphiFit
650.0 	 0.006849620968369988 	 69.97189477211238 	 0.007369858588562751 	 74.32670453268685
651.0 	 0.00692216366457798 	 69.75054192909906 	 0.007453906224379603 	 74.14328378394252
652.0 	 0.006996022230864456 	 69.52484930582376 	 0.0075396630703557215 	 73.95596087272261
653.0 	 0.007071229285165844 	 69.29469441832751 	 0.007627179156308909 	 73.76461339863138
654.0 	 0.0071478183596142796 	 69.05995043796737 	 0.007716506343728464 	 73.56911397737663
655.0 	 0.007225823921910301 	 68.82048601398908 	 0.007807698401645056 	 73.36932999546819
656.0 	 0.007305281396329168 	 68.57616508850313 	 0.007900811085601513 	 73.16512335107393
657.0 	 0.007386227184216969 	 68.32684670358262 	 0.007995902219800349 	 72.95635018018137
658.0 	 0.007468698683812308 	 68.07238480020129 	 0.008093031782495074 	 72.74286056715991
659.0 	 0.007552734309207098 	 67.81262800872963 	 0.008192261994681734 	 72.52449823876202
660.0 	 0.007638373508234474 	 67.54741943071252 	 0.008293657412132852 	 72.30110024054345
661.0 	 0.007725656779043962 	 67.27659641165616 	 0.008397285020799408 	 72.07249659461897
662.0 	 0.007814625685092363 	 66.99999030456263 	 0.008503214335585183 	 71.83850993760672
663.0 	 0.007905322868244195 	 66.71742622396194 	 0.008611517502472939 	 71.59895513754408
664.0 	 0.007997792059635786 	 66.4287227902106 	 0.008722269403950527 	 71.35363888848977
665.0 	 0.008092078087914163 	 66.13369186384712 	 0.008835547767648793 	 71.10235928145178
666.0 	 0.008188226884413324 	 65.83213826982242 	 0.008951433278059124 	 70.84490535020593
667.0 	 0.00828628548477624 	 65.52385951146103 	 0.009070009691145667 	 70.58105659049335
668.0 	 0.008386302026471799 	 65.20864547404854 	 0.009191363951606031 	 70.31058245100554
669.0 	 0.008488325741588684 	 64.88627811799691 	 0.009315586312460105 	 70.0332417944884
670.0 	 0.0085924069442155 	 64.55653116159854 	 0.009442770456561193 	 69.7487823272165
671.0 	 0.008698597011634104 	 64.21916975345815 	 0.00957301361952119 	 69.45693999501422
672.0 	 0.008806948358463662 	 63.873950134778134 	 0.009706416713423077 	 69.15743834392525
673.0 	 0.008917514402792981 	 63.5206192917797 	 0.009843084450554008 	 68.84998784356517
674.0 	 0.009030349523229422 	 63.158914598663394 	 0.009983125466229597 	 68.53428517112948
675.0 	 0.009145509005671328 	 62.78856345165815 	 0.010126652439589148 	 68.2100124539808
676.0 	 0.009263048978478761 	 62.409282894874075 	 0.01027378221102021 	 67.87683646870084
677.0 	 0.009383026334571606 	 62.02077923886837 	 0.010424635894612722 	 67.53440779447497
678.0 	 0.009505498638824769 	 61.622747673058896 	 0.010579338983742742 	 67.18235991868235
679.0 	 0.009630524018956792 	 61.21487187337752 	 0.010738021447538234 	 66.82030829259907
680.0 	 0.009758161037918987 	 60.79682360685352 	 0.010900817815575682 	 66.4478493351936
681.0 	 0.00988846854558765 	 60.368262335156196 	 0.011067867247690105 	 66.06455938311191
682.0 	 0.010021505507339934 	 59.92883481951778 	 0.01123931358524075 	 65.66999358512696
683.0 	 0.01015733080685638 	 59.478174729899074 	 0.011415305379552964 	 65.26368473957176
684.0 	 0.01029600302023807 	 59.0159022617655 	 0.011595995892539042 	 64.84514207360894
685.0 	 0.010437580158255052 	 58.54162376441336 	 0.011781543063675536 	 64.41384996362709
686.0 	 0.010582119373256225 	 58.05493138543215 	 0.011972109436566847 	 63.969266596618354
687.0 	 0.010729676626970221 	 57.55540273661798 	 0.012167862037238608 	 63.51082257310939
688.0 	 0.010880306315115449 	 57.04260058747007 	 0.01236897219506278 	 63.0379194531186
689.0 	 0.01103406084441704 	 56.51607259332181 	 0.012575615295798679 	 62.549928247735046
690.0 	 0.011190990157306135 	 55.975351066177865 	 0.012787970454623356 	 62.04618786029711
691.0 	 0.011351141199256676 	 55.419952797468405 	 0.01300622009519654 	 61.526003482846626
692.0 	 0.011514557323407193 	 54.849378943186686 	 0.013230549418742089 	 60.988644955596925
693.0 	 0.011681277626827863 	 54.26311498326628 	 0.01346114574480476 	 60.433345099658574
694.0 	 0.011851336212543032 	 53.660630768568254 	 0.01369819770274432 	 59.85929803627547
695.0 	 0.012024761371219283 	 53.04138067050601 	 0.013941894250137468 	 59.26565750943971
696.0 	 0.012201574676302798 	 52.40480385012014 	 0.014192423491067294 	 58.65153523305894
697.0 	 0.012381789986358156 	 51.75032466533795 	 0.014449971263783555 	 58.01599928896871
698.0 	 0.012565412348456644 	 51.07735323718929 	 0.014714719463431414 	 57.358072608122946
699.0 	 0.012752436796718676 	 50.38528619789332 	 0.01498684406149881 	 56.676731574396385
700.0 	 0.012942847040571831 	 49.67350764595683 	 0.015266512779376785 	 55.97090479873669
701.0 	 0.013136614037994303 	 48.94139033568686 	 0.015553882369055966 	 55.2394721210432
702.0 	 0.013333694450022396 	 48.18829713078588 	 0.01584909544962372 	 54.481263908282486
703.0 	 0.013534028974175225 	 47.413582753887184 	 0.0161522768440762 	 53.69506073009611
704.0 	 0.013737540556252714 	 46.61659586593442 	 0.01646352935727785 	 52.87959350763981
705.0 	 0.013944132482270229 	 45.79668151109502 	 0.01678292893305095 	 52.033544247669916
706.0 	 0.01415368635517807 	 44.953183964307286 	 0.017110519126827997 	 51.15554749198326
707.0 	 0.014366059964555103 	 44.08545001943207 	 0.01744630483066353 	 50.244192632123514
708.0 	 0.01458108506173656 	 43.19283275613832 	 0.01779024519045188 	 49.29802726057349
709.0 	 0.014798565057904643 	 42.274695822874584 	 0.018142245661896116 	 48.31556175204343
710.0 	 0.015018272668589202 	 41.33041827132664 	 0.018502149163286585 	 47.29527529128179
711.0 	 0.015239947534822365 	 40.35939997436686 	 0.0188697263008541 	 46.23562358610522
712.0 	 0.015463293858864897 	 39.361067654353405 	 0.01924466466795504 	 45.13504852466301
713.0 	 0.015687978100919927 	 38.33488154143658 	 0.019626557254376172 	 43.991990052447065
714.0 	 0.015913626792463314 	 37.280342671945725 	 0.02001489004846993 	 42.804900554743426
715.0 	 0.016139824531560053 	 36.197000824666375 	 0.020409028974454027 	 41.57226203095892
716.0 	 0.016366112235526663 	 35.08446307759244 	 0.020808206381595862 	 40.29260633467064
717.0 	 0.01659198573615187 	 33.94240294934908 	 0.021211507392159514 	 38.964538722761866
718.0 	 0.016816894811895175 	 32.77057006783046 	 0.021617856520964877 	 37.58676490342868
719.0 	 0.01704024275941505 	 31.56880028370039 	 0.022026005099760725 	 36.158121690552356
720.0 	 0.017261386612673117 	 30.33702611850751 	 0.022434520170791845 	 34.67761125535481
721.0 	 0.017479638120851782 	 29.075287406709524 	 0.022841775649618846 	 33.144438810400786
722.0 	 0.01769426559545039 	 27.783741958654144 	 0.023245946687647616 	 31.558053362462392
723.0 	 0.01790449673120849 	 26.462676038550537 	 0.023645008276271032 	 29.91819092869049
724.0 	 0.018109522493978826 	 25.11251441913296 	 0.02403673920928216 	 28.224919328263244
725.0 	 0.018308502150511656 	 23.733829744776106 	 0.024418732537034235 	 26.47868334796743
726.0 	 0.018500569489709743 	 22.327350909358735 	 0.024788413581255726 	 24.680348750783743
727.0 	 0.018684840252027254 	 20.893970136461093 	 0.02514306641035272 	 22.831243275091506
728.0 	 0.0188604207435459 	 19.434748439959627 	 0.025479869382283603 	 20.93319249023902
729.0 	 0.01902641756469444 	 17.950919145129593 	 0.025795939935201434 	 18.988548170413132
730.0 	 0.019181948332084458 	 16.443889166110054 	 0.02608838824849622 	 17.00020676539069
731.0 	 0.01932615321772457 	 14.915237766697775 	 0.026354378730879147 	 14.97161562545202
732.0 	 0.019458207075829244 	 13.366712578828746 	 0.0265911975619133 	 12.906764912654038
733.0 	 0.01957733187698701 	 11.800222716760162 	 0.0267963237849694 	 10.8101636210609
734.0 	 0.019682809126369553 	 10.21782890366658 	 0.02696750080642679 	 8.68679883129732
735.0 	 0.019773991910756857 	 8.621730618691041 	 0.027102804689399757 	 6.542078209108418
736.0 	 0.01985031620192127 	 7.014250372723775 	 0.02720070542576126 	 4.381756763096952
737.0 	 0.019911311044140272 	 5.39781532552787 	 0.027260117491115853 	 2.2118499170778962
738.0 	 0.019956607273007927 	 3.774936559615711 	 0.027280436459901598 	 0.038535924093407524
739.0 	 0.019985944451627873 	 2.1481864214455917 	 0.027261559261027066 	 -2.1319485544307595
740.0 	 0.019999175767492907 	 0.5201744220367748 	 0.02720388671835227 	 -4.293415352924546
741.0 	 0.01999627070613175 	 -1.1064777484375592 	 0.02710830823373292 	 -6.43982964280025
742.0 	 0.019977315401786683 	 -2.729161498394217 	 0.026976169697742032 	 -8.565408326115305
743.0 	 0.019942510655784 	 -4.345306298217822 	 0.026809226816934206 	 -10.664708096587933
744.0 	 0.01989216770410162 	 -5.952403736565388 	 0.02660958690958483 	 -12.732700057829707
745.0 	 0.01982670190112008 	 -7.548030116924285 	 0.02637964276577038 	 -14.764828748390979
746.0 	 0.019746624561376606 	 -9.129867104997459 	 0.02612200236218332 	 -16.75705446161117
747.0 	 0.019652533261035793 	 -10.695720019609643 	 0.025839418084885084 	 -18.705878760985705
748.0 	 0.01954510094280241 	 -12.243533455374841 	 0.025534718701137 	 -20.608353990335104
749.0 	 0.0194250641907248 	 -13.771404028324433 	 0.025210746716158874 	 -22.462078299494692
750.0 	 0.01929321104490744 	 -15.27759013997863 	 0.024870303042562502 	 -24.26517821692146
751.0 	 0.019150368712092573 	 -16.76051875533075 	 0.024516100184171094 	 -26.016281095063672
752.0 	 0.018997391499012816 	 -18.218789281137127 	 0.024150724461068706 	 -27.71447985002645
753.0 	 0.018835149254734486 	 -19.65117470910001 	 0.023776607227038192 	 -29.3592923471058
754.0 	 0.018664516559644153 	 -21.056620251598623 	 0.023396004580183937 	 -30.950617589338737
755.0 	 0.01848636284601726 	 -22.434239744417027 	 0.023010984749390163 	 -32.48869058989523
756.0 	 0.018301543581686678 	 -23.783310121451425 	 0.02262342214552789 	 -33.974037489924115
757.0 	 0.018110892597124333 	 -25.1032642815897 	 0.022234996979653737 	 -35.40743215368388
758.0 	 0.01791521558953197 	 -26.39368266954273 	 0.021847199348724762 	 -36.78985515684707
759.0 	 0.01771528479688938 	 -27.654283882503243 	 0.021461336749525307 	 -38.12245579818563
760.0 	 0.017511834801238874 	 -28.884914595514353 	 0.02107854408219619 	 -39.406517518833425
761.0 	 0.017305559394110912 	 -30.08553907276296 	 0.02069979532785017 	 -40.64342691069965
762.0 	 0.01709710941775168 	 -31.25622850194633 	 0.0203259162160128 	 -41.834646335890156
763.0 	 0.016887091483161733 	 -32.39715035647645 	 0.019957597326660585 	 -42.9816900589621
764.0 	 0.01667606745912352 	 -33.50855795728179 	 0.01959540719154062 	 -44.086103708586094
765.0 	 0.016464554624468462 	 -34.59078037376247 	 0.01923980506618228 	 -45.149446829179126
766.0 	 0.016253026377855046 	 -35.644212773082394 	 0.018891153135698533 	 -46.17327825066387
767.0 	 0.01604191340436277 	 -36.669307299187274 	 0.018549727993832532 	 -47.159143990467264
768.0 	 0.015831605205393725 	 -37.666564538159776 	 0.018215731296500677 	 -48.10856740153902
769.0 	 0.015622451906956386 	 -38.63652560498815 	 0.017889299539698932 	 -49.023041289624175
770.0 	 0.015414766270751206 	 -39.57976486855201 	 0.017570512948772727 	 -49.90402173904053
771.0 	 0.015208825842066623 	 -40.496883316520126 	 0.01725940349347772 	 -50.75292340626973
772.0 	 0.01500487517793289 	 -41.38850254969345 	 0.016955962062701665 	 -51.57111606282216
773.0 	 0.01480312810798013 	 -42.255259385830044 	 0.01666014484575367 	 -52.35992219164397
774.0 	 0.014603769988800822 	 -43.0978010458751 	 0.016371878975130073 	 -53.12061546380602
775.0 	 0.014406959920211258 	 -43.91678089043613 	 0.016091067489827464 	 -53.85441994363321
776.0 	 0.014212832898570884 	 -44.71285467101079 	 0.01581759367955942 	 -54.56250989039943
777.0 	 0.014021501888246647 	 -45.486677258563816 	 0.015551324869450532 	 -55.24601004295971
778.0 	 0.013833059797414364 	 -46.238899811318795 	 0.015292115702550855 	 -55.90599629014724
779.0 	 0.013647581348721467 	 -46.97016734381101 	 0.01503981097433834 	 -56.54349664440279
780.0 	 0.013465124838950675 	 -47.68111666014756 	 0.014794248069624953 	 -57.15949244901402
781.0 	 0.013285733784795419 	 -48.37237461584056 	 0.014555259048243376 	 -57.75491976061274
782.0 	 0.013109438454253846 	 -49.04455667438399 	 0.014322672421764283 	 -58.330670858357806
783.0 	 0.012936257285044463 	 -49.69826572679197 	 0.014096314659430285 	 -58.88759583964866
784.0 	 0.012766198192911514 	 -50.33409114451306 	 0.013876011457589292 	 -59.42650426942103
785.0 	 0.012599259773785773 	 -50.95260803839951 	 0.01366158880322966 	 -59.948166856213945
786.0 	 0.01243543240455805 	 -51.55437669867393 	 0.013452873858802802 	 -60.45331713339107
787.0 	 0.012274699247758678 	 -52.13994219305898 	 0.013249695692379817 	 -60.9426531282814
788.0 	 0.012117037165766502 	 -52.70983410237203 	 0.013051885874335901 	 -61.41683900567314
789.0 	 0.011962417550332135 	 -53.26456637492599 	 0.01285927895917841 	 -61.87650667516351
790.0 	 0.011810807073231391 	 -53.804637282987855 	 0.012671712868824861 	 -62.32225735440972
791.0 	 0.011662168363791737 	 -54.33052946633342 	 0.012489029191574956 	 -62.754663082431875
792.0 	 0.011516460618885293 	 -54.84271004958195 	 0.012311073409191048 	 -63.17426817884424
793.0 	 0.011373640150774376 	 -55.341630821510165 	 0.012137695062881922 	 -63.58159064630343
794.0 	 0.011233660877947766 	 -55.82772846592633 	 0.011968747867557195 	 -63.97712351460633
795.0 	 0.01109647476381256 	 -56.30142483493663 	 0.011804089782465943 	 -64.36133612578898
796.0 	 0.010962032207815891 	 -56.763127256571806 	 0.011643583045232253 	 -64.73467536031323
797.0 	 0.010830282393274502 	 -57.21322886975789 	 0.011487094175339111 	 -65.09756680500317
798.0 	 0.01070117359589271 	 -57.65210898053106 	 0.011334493952271398 	 -65.45041586384355
799.0 	 0.010574653456657467 	 -58.0801334342083 	 0.011185657372797687 	 -65.79360881309253
800.0 	 0.010450669222515297 	 -58.49765499895446 	 0.01104046359123309 	 -66.12751380241548
801.0 	 0.010329167957964023 	 -58.905013756826726 	 0.010898795845973022 	 -66.452481803928
802.0 	 0.010210096730432753 	 -59.30253749895016 	 0.01076054137510716 	 -66.76884751116076
803.0 	 0.01009340277207997 	 -59.69054212197644 	 0.010625591323508292 	 -67.07693019003266
804.0 	 0.009979033620409573 	 -60.06933202342214 	 0.010493840643430456 	 -67.37703448395813
805.0 	 0.009866937239890733 	 -60.43920049386981 	 0.010365187990340165 	 -67.6694511752217
806.0 	 0.009757062126569144 	 -60.800430104352884 	 0.010239535615436748 	 -67.9544579047356
807.0 	 0.00964935739747273 	 -61.15329308754258 	 0.010116789256086212 	 -68.23231985226232
808.0 	 0.00954377286644582 	 -61.49805171161086 	 0.009996858025194554 	 -68.50329037913298
809.0 	 0.009440259107889358 	 -61.83495864586856 	 0.009879654300374588 	 -68.76761163543537
810.0 	 0.009338767509742775 	 -62.164257317468156 	 0.009765093613614618 	 -69.02551513357373
811.0 	 0.009239250316911543 	 -62.486182258629924 	 0.0096530945420301 	 -69.27722229003352
812.0 	 0.009141660666226195 	 -62.80095944399045 	 0.009543578600172813 	 -69.52294493710477
813.0 	 0.009045952613909216 	 -63.108806617797626 	 0.00943647013427898 	 -69.76288580624193
814.0 	 0.008952081156428402 	 -63.409933610777664 	 0.009331696218760146 	 -69.9972389846572
815.0 	 0.00886000224552511 	 -63.70454264659006 	 0.009229186555173283 	 -70.22619034666734
816.0 	 0.008769672798124904 	 -63.99282863786054 	 0.009128873373849933 	 -70.4499179612362
817.0 	 0.008681050701764755 	 -64.27497947184384 	 0.009030691338316623 	 -70.66859247707953
818.0 	 0.008594094816104302 	 -64.55117628582097 	 0.008934577452597885 	 -70.88237748662529
819.0 	 0.00850876497102893 	 -64.82159373237823 	 0.008840470971459494 	 -71.09142987005163
820.0 	 0.008425021961797943 	 -65.08640023475023 	 0.008748313313620852 	 -71.2959001205571
821.0 	 0.008342827541642835 	 -65.34575823243678 	 0.00865804797794213 	 -71.49593265195124
822.0 	 0.008262144412176238 	 -65.59982441732707 	 0.008569620462571814 	 -71.69166608959195
823.0 	 0.008182936211932869 	 -65.84874996058008 	 0.008482978187024478 	 -71.8832335456363
824.0 	 0.008105167503328046 	 -66.09268073052462 	 0.008398070417145334 	 -72.07076287951544
825.0 	 0.008028803758287592 	 -66.33175750185036 	 0.00831484819290777 	 -72.25437694448932
826.0 	 0.007953811342774198 	 -66.56611615636756 	 0.008233264258981727 	 -72.4341938210875
827.0 	 0.00788015750040931 	 -66.79588787561707 	 0.008153272998003948 	 -72.61032703819401
828.0 	 0.007807810335366998 	 -67.02119932561259 	 0.008074830366476765 	 -72.78288578248822
829.0 	 0.00773673879469518 	 -67.24217283399614 	 0.007997893833218035 	 -72.9519750969117
830.0 	 0.007666912650201295 	 -67.45892655988656 	 0.00792242232028265 	 -73.1176960687905
831.0 	 0.007598302480022655 	 -67.6715746566959 	 0.00784837614627425 	 -73.28014600820467
832.0 	 0.007530879649987343 	 -67.88022742818444 	 0.007775716971965417 	 -73.43941861716037
833.0 	 0.007464616294857893 	 -68.08499147801905 	 0.007704407748144254 	 -73.5956041500873
834.0 	 0.007399485299538152 	 -68.28596985309461 	 0.007634412665605635 	 -73.74878956615258
835.0 	 0.007335460280313585 	 -68.48326218086937 	 0.007565697107206732 	 -73.89905867385193
836.0 	 0.007272515566185336 	 -68.67696480095995 	 0.007498227601907196 	 -74.04649226831211
837.0 	 0.0072106261803504676 	 -68.86717089123277 	 0.0074319717807163396 	 -74.19116826171175
838.0 	 0.007149767821872889 	 -69.05397058862235 	 0.0073668983344710405 	 -74.33316180720425
839.0 	 0.007089916847583314 	 -69.23745110489766 	 0.007302976973370494 	 -74.47254541670212
